0.000000000000000000e+00 0.000000000000000000e+00 0.000000000000000000e+00 0.000000000000000000e+00 0.000000000000000000e+00 0.000000000000000000e+00 0.000000000000000000e+00 0.000000000000000000e+00 0.000000000000000000e+00 0.000000000000000000e+00 0.000000000000000000e+00 0.000000000000000000e+00 0.000000000000000000e+00 0.000000000000000000e+00 0.000000000000000000e+00 0.000000000000000000e+00 0.000000000000000000e+00
1.499929688573934349e-02 1.124968359606264885e-04 1.499999999919961191e-02 9.999999994615755075e-03 9.999999994615755075e-03 9.999999994615755075e-03 9.999999994615755075e-03 9.999999995955343238e-03 9.999999998343734806e-03 2.999999999906654558e-01 2.999999999839922937e-01 1.999999998923151223e-01 1.999999998923151223e-01 1.999999998923151223e-01 1.999999998923151223e-01 1.999999999191068578e-01 1.999999999668747586e-01
5.996344466124863687e-02 1.799434764500943600e-03 5.999999999639848980e-02 3.999999917285457229e-02 3.999999917285457229e-02 3.999999917285457229e-02 3.999999917285457229e-02 3.999999996963266718e-02 3.999999999093571679e-02 5.999999999786592708e-01 5.999999999599850975e-01 3.999999836724612567e-01 3.999999836724612567e-01 3.999999836724612567e-01 3.999999836724612567e-01 3.999999995544396558e-01 3.999999998849650407e-01
1.345890543304258113e-01 9.098533144713150111e-03 1.349999999900496628e-01 8.824419725120977165e-02 8.824419725120977165e-02 8.824419725120977165e-02 8.824419725120977165e-02 8.999998308791716528e-02 8.999999990778564940e-02 8.999999999625248881e-01 8.999999999130384731e-01 5.648839778946428414e-01 5.648839778946428414e-01 5.648839778946428414e-01 5.648839778946428414e-01 5.999996628112502783e-01 5.999999984520337781e-01
2.377004289972484696e-01 2.866159079186598665e-02 2.399999999633238013e-01 1.502431917662793992e-01 1.502431917662793992e-01 1.502431917662793992e-01 1.502431917662793992e-01 1.572919976241812234e-01 1.582398609386234389e-01 1.199999999938655915e+00 1.199999999552444407e+00 6.750959124067497097e-01 6.750959124067497097e-01 6.750959124067497097e-01 6.750959124067497097e-01 7.458406279140306072e-01 7.647972221647221236e-01
3.663534963694761171e-01 6.925382600173014824e-02 3.696916509873377499e-01 2.210252608672086949e-01 2.210252608672086949e-01 2.210252608672086949e-01 2.210252608672086949e-01 2.359055160603070744e-01 2.391912799564538394e-01 1.499999999893294245e+00 1.393833020927834454e+00 7.405454696118362046e-01 7.405454696118362046e-01 7.405454696118362046e-01 7.405454696118362046e-01 8.264297408084864127e-01 8.542311581918863306e-01
5.153923243361532291e-01 1.397380343869032149e-01 5.098181964758802254e-01 2.965540744887484315e-01 2.965540744887484315e-01 2.965540744887484315e-01 2.965540744887484315e-01 3.200520118055962260e-01 3.262086465580819050e-01 1.799999999576888943e+00 1.408697888843015278e+00 7.700308028189587484e-01 7.700308028189587484e-01 7.700308028189587484e-01 7.700308028189587484e-01 8.565001740972956190e-01 8.861161738406743149e-01
6.750645347213002356e-01 2.443049488365668653e-01 6.454228340120606866e-01 3.736185580638675674e-01 3.736185580638675674e-01 3.736185580638675674e-01 3.736185580638675674e-01 4.053063599572155895e-01 4.142862537578730908e-01 2.020221559063573480e+00 1.303394861880594391e+00 7.712588686834245255e-01 7.712588686834245255e-01 7.712588686834245255e-01 7.712588686834245255e-01 8.485867889350917626e-01 8.754359701551496231e-01
8.308633430982338419e-01 3.776610651497466775e-01 7.668562481082809024e-01 4.497260557330909903e-01 4.497260557330909903e-01 4.497260557330909903e-01 4.497260557330909903e-01 4.883946848608446412e-01 4.997866519685305597e-01 2.083872877955744940e+00 1.125273420043808370e+00 7.508910847010428213e-01 7.508910847010428213e-01 7.508910847010428213e-01 7.508910847010428213e-01 8.131797091374889375e-01 8.345719940580004215e-01
9.713138539782433245e-01 5.279777863968353468e-01 8.686086750073198637e-01 5.230009624662910195e-01 5.230009624662910195e-01 5.230009624662910195e-01 5.230009624662910195e-01 5.669990690511311771e-01 5.801935635199769736e-01 2.032353399476083400e+00 9.097751179369735208e-01 7.146070499629584294e-01 7.146070499629584294e-01 7.146070499629584294e-01 7.146070499629584294e-01 7.589079746682421135e-01 7.735662369709258579e-01
1.092036361728052407e+00 6.832251766548523841e-01 9.481773660469858811e-01 5.920903294159773900e-01 5.920903294159773900e-01 5.920903294159773900e-01 5.920903294159773900e-01 6.395814065514073832e-01 6.538918144484142658e-01 1.901927919643894294e+00 6.815987028563451622e-01 6.671802890307682032e-01 6.671802890307682032e-01 6.671802890307682032e-01 6.671802890307682032e-01 6.927387753372830081e-01 7.003987815978194309e-01
1.193259885621662075e+00 8.335099262744167792e-01 1.005115052441819534e+00 6.560773977593012951e-01 6.560773977593012951e-01 6.560773977593012951e-01 6.560773977593012951e-01 7.052274013445608558e-01 7.199750247808844872e-01 1.722481493165738842e+00 4.571550250403239035e-01 6.125610778357085673e-01 6.125610778357085673e-01 6.125610778357085673e-01 6.125610778357085673e-01 6.201811205257885540e-01 6.212654250515841081e-01
1.277468340414839032e+00 9.718807334712347146e-01 1.040322174713782744e+00 7.144035709325823325e-01 7.144035709325823325e-01 7.144035709325823325e-01 7.144035709325823325e-01 7.635107395002356245e-01 7.780805376239061655e-01 1.517299117422997723e+00 2.469874203989408101e-01 5.539623856299112914e-01 5.539623856299112914e-01 5.539623856299112914e-01 5.539623856299112914e-01 5.454856425877039339e-01 5.408448318088483475e-01
1.347731052099949034e+00 1.094178860694393185e+00 1.055551716559272935e+00 7.667989812464686139e-01 7.667989812464686139e-01 7.667989812464686139e-01 7.667989812464686139e-01 8.143767515821360714e-01 8.282501809333742138e-01 1.303635162431704408e+00 5.760341651086816478e-02 4.939458206478132274e-01 4.939458206478132274e-01 4.939458206478132274e-01 4.939458206478132274e-01 4.718345990503016729e-01 4.625480343805117855e-01
1.406777043779134928e+00 1.198492512147888656e+00 1.053066592219113362e+00 8.132215325027918329e-01 8.132215325027918329e-01 8.132215325027918329e-01 8.132215325027918329e-01 8.580443853727637293e-01 8.708148721340122078e-01 1.093682273753529888e+00 -1.073059033140543322e-01 4.345052044786527623e-01 4.345052044786527623e-01 4.345052044786527623e-01 4.345052044786527623e-01 4.015180767622523739e-01 3.887457896322493722e-01
1.456639534875509678e+00 1.284555288074003210e+00 1.035396840545724118e+00 8.538040941463220790e-01 8.538040941463220790e-01 8.538040941463220790e-01 8.538040941463220790e-01 8.949249870880828794e-01 9.063007317225381110e-01 8.956237086177656348e-01 -2.460891301537307396e-01 3.771460283919511047e-01 3.771460283919511047e-01 3.771460283919511047e-01 3.771460283919511047e-01 3.360939575441306282e-01 3.209714021382638061e-01
1.498651943887398197e+00 1.353231315484395791e+00 1.005161420728135191e+00 8.888093741905974676e-01 8.888093741905974676e-01 8.888093741905974676e-01 8.888093741905974676e-01 9.255562063638792525e-01 9.353542132349502713e-01 7.145856528657120732e-01 -3.586192661980476815e-01 3.229595724935593326e-01 3.229595724935593326e-01 3.229595724935593326e-01 3.229595724935593326e-01 2.765304279717967217e-01 2.600982281099816218e-01
1.533615172718760356e+00 1.406114345658911580e+00 9.649348117091652854e-01 9.185918980594143246e-01 9.185918980594143246e-01 9.185918980594143246e-01 9.185918980594143246e-01 9.505492653928163671e-01 9.586837373713075205e-01 5.534175963466957393e-01 -4.459129141813505948e-01 2.726909048827778626e-01 2.726909048827778626e-01 2.726909048827778626e-01 2.726909048827778626e-01 2.233307526069428783e-01 2.064922546171620577e-01
1.562013751556487584e+00 1.445222255785287180e+00 9.171483900680836854e-01 9.435664599296642585e-01 9.435664599296642585e-01 9.435664599296642585e-01 9.435664599296642585e-01 9.705478392529388598e-01 9.770153992363559414e-01 4.132980407822258728e-01 -5.098155186402822947e-01 2.268003325222215094e-01 2.268003325222215094e-01 2.268003325222215094e-01 2.268003325222215094e-01 1.766407245955041450e-01 1.601409826838069983e-01
1.584209448282997812e+00 1.472761781719353014e+00 8.640213218667418538e-01 9.641823844506910435e-01 9.641823844506910435e-01 9.641823844506910435e-01 9.641823844506910435e-01 9.861968605293085499e-01 9.910604681458017318e-01 2.941946993833961521e-01 -5.527258453865550036e-01 1.855181578983157165e-01 1.855181578983157165e-01 1.855181578983157165e-01 1.855181578983157165e-01 1.363397009318881303e-01 1.207603955051074762e-01
1.600579075095142745e+00 1.490946522213281389e+00 8.075172640783845335e-01 9.809029330977517835e-01 9.809029330977517835e-01 9.809029330977517835e-01 9.809029330977517835e-01 9.981196685120774514e-01 1.001492594054237628e+00 1.952156299785134941e-01 -5.773553103805916242e-01 1.488928150428989738e-01 1.488928150428989738e-01 1.488928150428989738e-01 1.488928150428989738e-01 1.021164587234873744e-01 8.788212266360972968e-02
1.611589192801517134e+00 1.501860416909540419e+00 7.493231976299306041e-01 9.941892050468796871e-01 9.941892050468796871e-01 9.941892050468796871e-01 9.941892050468796871e-01 1.006902056757824182e+00 1.008932853591439471e+00 1.148824302839495104e-01 -5.865260185884846322e-01 1.168326239396569460e-01 1.168326239396569460e-01 1.168326239396569460e-01 1.168326239396569460e-01 7.353130619145009650e-02 6.092306808042876470e-02
1.617816204903236299e+00 1.507363719005871960e+00 6.908463240350948276e-01 1.004487912343203337e+00 1.004487912343203337e+00 1.004487912343203337e+00 1.004487912343203337e+00 1.013081920888211140e+00 1.013940996804830297e+00 5.134723390027341738e-02 -5.830114533082294548e-01 8.914152198681864203e-02 8.914152198681864203e-02 8.914152198681864203e-02 8.914152198681864203e-02 5.006597641629047940e-02 3.923979618739227571e-02
1.619927908409606765e+00 1.509038826971021985e+00 6.332247308025253929e-01 1.012222449071438879e+00 1.012222449071438879e+00 1.012222449071438879e+00 1.012222449071438879e+00 1.017143362080092261e+00 1.017011481766331382e+00 2.566603708287411127e-03 -5.694204113431574621e-01 6.554921257789250721e-02 6.554921257789250721e-02 6.554921257789250721e-02 6.554921257789250721e-02 3.116284742133701435e-02 2.216990304262876285e-02
1.618643971007790672e+00 1.508171226549066990e+00 5.773476602295812832e-01 1.017786720740919026e+00 1.017786720740919026e+00 1.017786720740919026e+00 1.017786720740919026e+00 1.019514253936087744e+00 1.018573100218337357e+00 -3.356052891206980082e-02 -5.481210001157237333e-01 4.573622081170575226e-02 4.573622081170575226e-02 4.573622081170575226e-02 4.573622081170575226e-02 1.625498969857248205e-02 9.062465997488821159e-03
1.614690228662533977e+00 1.505758385131690247e+00 5.238816718018936003e-01 1.021541250327580697e+00 1.021541250327580697e+00 1.021541250327580697e+00 1.021541250327580697e+00 1.020566426361972479e+00 1.018991198042771273e+00 -5.908685142236227289e-02 -5.211987684380277042e-01 2.935437092152688374e-02 2.935437092152688374e-02 2.935437092152688374e-02 2.935437092152688374e-02 4.788458819121804884e-03 -7.005095088124849677e-04
1.608757239330979694e+00 1.502538084880776781e+00 4.732996462689129658e-01 1.023811129101312556e+00 1.023811129101312556e+00 1.023811129101312556e+00 1.023811129101312556e+00 1.020617756316219760e+00 1.018571676268878790e+00 -7.593958198672709492e-02 -4.904417422215851530e-01 1.604320455310615304e-02 1.604320455310615304e-02 1.604320455310615304e-02 1.604320455310615304e-02 -3.761859734178195011e-03 -7.689925969039809565e-03
1.601468847519269767e+00 1.499027771745202298e+00 4.259103045327517489e-01 1.024885431736248353e+00 1.024885431736248353e+00 1.024885431736248353e+00 1.024885431736248353e+00 1.019935579689866589e+00 1.017566119947650005e+00 -8.586916822351145506e-02 -4.573450925016376845e-01 5.442848145611540317e-03 5.442848145611540317e-03 5.442848145611540317e-03 5.442848145611540317e-03 -9.881672792883456138e-03 -1.242120045553367011e-02
1.593362643389406808e+00 1.495567760098424959e+00 3.818866022201977684e-01 1.025017764910067797e+00 1.025017764910067797e+00 1.025017764910067797e+00 1.025017764910067797e+00 1.018740949964820786e+00 1.016177543103863545e+00 -9.042011074223033074e-02 -4.231289537494410946e-01 -2.796184669221012543e-03 -2.796184669221012543e-03 -2.796184669221012543e-03 -2.796184669221012543e-03 -1.401092170803360480e-02 -1.535033642020099121e-02
1.584881562080404427e+00 1.492363016029171874e+00 3.412919491666972505e-01 1.024427665666468146e+00 1.024427665666468146e+00 1.024427665666468146e+00 1.024427665666468146e+00 1.017213367293985371e+00 1.014566358622210895e+00 -9.091982004410513463e-02 -3.887641073205688746e-01 -9.005800202771080745e-03 -9.005800202771080745e-03 -9.005800202771080745e-03 -9.005800202771080745e-03 -1.654073170867574258e-02 -1.687335321285508144e-02
1.576374441260128823e+00 1.489520216814387732e+00 3.041036676817215900e-01 1.023302609568166766e+00 1.023302609568166766e+00 1.023302609568166766e+00 1.023302609568166766e+00 1.015495686428286026e+00 1.012856283452237882e+00 -8.848129533015690329e-02 -3.550015223789431684e-01 -1.349532176325506094e-02 -1.349532176325506094e-02 -1.349532176325506094e-02 -1.349532176325506094e-02 -1.781288560531156182e-02 -1.732815018660856937e-02
1.568102874879181874e+00 1.487078489069673770e+00 2.702334462203045962e-01 1.021800428682881678e+00 1.021800428682881678e+00 1.021800428682881678e+00 1.021800428682881678e+00 1.013698984077492149e+00 1.011139973457823915e+00 -8.401562773706112985e-02 -3.224029068493968198e-01 -1.654829594244801652e-02 -1.654829594244801652e-02 -1.654829594244801652e-02 -1.654829594244801652e-02 -1.812116141056819077e-02 -1.699804970167479237e-02
1.560251836171640205e+00 1.485033495784914725e+00 2.395447821782224762e-01 1.020051975502090036e+00 1.020051975502090036e+00 1.020051975502090036e+00 1.020051975502090036e+00 1.011907226708193441e+00 1.009484250356867951e+00 -7.825080150341744145e-02 -2.913703739922451352e-01 -1.842076767339325544e-02 -1.842076767339325544e-02 -1.842076767339325544e-02 -1.842076767339325544e-02 -1.771398597540909184e-02 -1.611641231744549360e-02
1.552941996424821447e+00 1.483355355119169161e+00 2.118675605251484073e-01 1.018163900933704458e+00 1.018163900933704458e+00 1.018163900933704458e+00 1.018163900933704458e+00 1.010181629502800327e+00 1.007934837364777181e+00 -7.175388371648490360e-02 -2.621740590692369088e-01 -1.934072369432056349e-02 -1.934072369432056349e-02 -1.934072369432056349e-02 -1.934072369432056349e-02 -1.679795813245452130e-02 -1.487184752436970965e-02
1.546242221781033876e+00 1.482001301225954526e+00 1.870100051682336006e-01 1.016221442601607627e+00 1.016221442601607627e+00 1.016221442601607627e+00 1.016221442601607627e+00 1.008564637368540406e+00 1.006520562243369055e+00 -6.495435330122172057e-02 -2.349770480690595575e-01 -1.950844294761320749e-02 -1.950844294761320749e-02 -1.950844294761320749e-02 -1.950844294761320749e-02 -1.554188455273742935e-02 -1.341365490378686708e-02
1.540181256609827409e+00 1.480924143062316789e+00 1.647682855117191258e-01 1.014291143987053223e+00 1.014291143987053223e+00 1.014291143987053223e+00 1.014291143987053223e+00 1.007083490662544101e+00 1.005257018268212121e+00 -5.816694583964098636e-02 -2.098573450612297719e-01 -1.909752934347545492e-02 -1.909752934347545492e-02 -1.909752934347545492e-02 -1.909752934347545492e-02 -1.408104956717959842e-02 -1.185722459934979503e-02
1.534758034909206703e+00 1.480077543165550180e+00 1.449340759460670536e-01 1.012423445685939338e+00 1.012423445685939338e+00 1.012423445685939338e+00 1.012423445685939338e+00 1.005753362834538311e+00 1.004149696847741025e+00 -5.161293579967728834e-02 -1.868268462518121176e-01 -1.825643667880394103e-02 -1.825643667880394103e-02 -1.825643667880394103e-02 -1.825643667880394103e-02 -1.252150699293620717e-02 -1.028920381006779780e-02
1.529950382514545959e+00 1.479419007758782989e+00 1.273003615571852987e-01 1.010655107503233729e+00 1.010655107503233729e+00 1.010655107503233729e+00 1.010655107503233729e+00 1.004580075573246800e+00 1.003196621693672741e+00 -4.543922080879720521e-02 -1.658474415258226753e-01 -1.711032697531171196e-02 -1.711032697531171196e-02 -1.711032697531171196e-02 -1.711032697531171196e-02 -1.094423823290056885e-02 -8.772299271296826045e-03
1.525722090260731578e+00 1.478911311188748190e+00 1.116657667343413374e-01 1.009011434559372811e+00 1.009011434559372811e+00 1.009011434559372811e+00 1.009011434559372811e+00 1.003562410288545204e+00 1.002390524926225490e+00 -3.973491139061121474e-02 -1.468444549310568836e-01 -1.576313190190470684e-02 -1.576313190190470684e-02 -1.576313190190470684e-02 -1.576313190190470684e-02 -9.409067461125452184e-03 -7.349636077657950919e-03
1.522028470839889014e+00 1.478522908492114318e+00 9.783765979724366735e-02 1.007508292353369361e+00 1.007508292353369361e+00 1.007508292353369361e+00 1.007508292353369361e+00 1.002694043788143086e+00 1.001720611500769520e+00 -3.454537325926997776e-02 -1.297176838108964614e-01 -1.429971221815724142e-02 -1.429971221815724142e-02 -1.429971221815724142e-02 -1.429971221815724142e-02 -7.958262546918361963e-03 -6.048632431460461943e-03
1.518820581733279385e+00 1.478227739650585848e+00 8.563425980626780676e-02 1.006153905124371750e+00 1.006153905124371750e+00 1.006153905124371750e+00 1.006153905124371750e+00 1.001965141634513445e+00 1.001173960897994819e+00 -2.988383273440979593e-02 -1.143503160086205284e-01 -1.278803236179129783e-02 -1.278803236179129783e-02 -1.278803236179129783e-02 -1.278803236179129783e-02 -6.619780525671217948e-03 -4.884379624034583880e-03
1.516048323034951739e+00 1.478004705946818875e+00 7.488594373662084414e-02 1.004950439180200439e+00 1.004950439180200439e+00 1.004950439180200439e+00 1.004950439180200439e+00 1.001363645612785902e+00 1.000736615000632712e+00 -2.574075568800205521e-02 -1.006160053843187102e-01 -1.128128652162818484e-02 -1.128128652162818484e-02 -1.128128652162818484e-02 -1.128128652162818484e-02 -5.410139908875899462e-03 -3.862538323205060801e-03
1.513662618080801714e+00 1.477837003737120458e+00 6.543592474327704356e-02 1.003895378406079786e+00 1.003895378406079786e+00 1.003895378406079786e+00 1.003895378406079786e+00 1.000876292621676988e+00 1.000394399211375740e+00 -2.209126246503583663e-02 -8.838437448255737072e-02 -9.819928960785947666e-03 -9.819928960785947666e-03 -9.819928960785947666e-03 -9.819928960785947666e-03 -4.336919913304885556e-03 -2.981777461928887627e-03
1.511616868241741463e+00 1.477711431079643756e+00 5.714044630838935324e-02 1.002982703198461056e+00 1.002982703198461056e+00 1.002982703198461056e+00 1.002982703198461056e+00 1.000489401641462717e+00 1.000133520740025039e+00 -1.890085916112536901e-02 -7.752519421519613041e-02 -8.433575191584986169e-03 -8.433575191584986169e-03 -8.433575191584986169e-03 -8.433575191584986169e-03 -3.400899690978760083e-03 -2.235791965089797134e-03
1.509867849082850766e+00 1.477617733589883020e+00 4.986861324002743456e-02 1.002203886834664326e+00 1.002203886834664326e+00 1.002203886834664326e+00 1.002203886834664326e+00 1.000189463672394696e+00 9.999409840756579015e-01 -1.612976067329405933e-02 -6.791146715204220141e-02 -7.142752084354064140e-03 -7.142752084354064140e-03 -7.142752084354064140e-03 -7.142752084354064140e-03 -2.597859690379190987e-03 -1.614941322256205174e-03
1.508376188520601291e+00 1.477548022979353615e+00 4.350195909437984398e-02 1.001548725012537444e+00 1.001548725012537444e+00 1.001548725012537444e+00 1.001548725012537444e+00 9.999635670317538194e-01 9.998048593311090748e-01 -1.373606171653122057e-02 -5.942161576090956854e-02 -5.960484358185243886e-03 -5.960484358185243886e-03 -5.960484358185243886e-03 -5.960484358185243886e-03 -1.920073122440788850e-03 -1.107553568721604586e-03
1.507106541732444072e+00 1.477496280749201585e+00 3.793383073905945424e-02 1.001006015174875419e+00 1.001006015174875419e+00 1.001006015174875419e+00 1.001006015174875419e+00 9.997996874356201991e-01 9.997144346834989648e-01 -1.167798491462928093e-02 -5.194095134549819859e-02 -4.893712395052260584e-03 -4.893712395052260584e-03 -4.893712395052260584e-03 -4.893712395052260584e-03 -1.357518800229817139e-03 -7.009393834785090710e-04
1.506027554061691642e+00 1.477457946964514601e+00 3.306865444031402423e-02 1.000564102446309889e+00 1.000564102446309889e+00 1.000564102446309889e+00 1.000564102446309889e+00 9.996868690986617789e-01 9.996602797431768384e-01 -9.915404651165122749e-03 -4.536257462941042234e-02 -3.944542176260956018e-03 -3.944542176260956018e-03 -3.944542176260956018e-03 -3.944542176260956018e-03 -8.988479389364952129e-04 -3.821594229658991466e-04
1.505111682760414960e+00 1.477429587208699990e+00 2.882113392469890650e-02 1.000211308708110369e+00 1.000211308708110369e+00 1.000211308708110369e+00 1.000211308708110369e+00 9.996153198352819569e-01 9.996342425104166596e-01 -8.410814646194112940e-03 -3.958783568289191840e-02 -3.111332587730131563e-03 -3.111332587730131563e-03 -3.111332587730131563e-03 -3.111332587730131563e-03 -5.321373286587868356e-04 -1.385852322402942043e-04
1.504334931298114242e+00 1.477408627695538934e+00 2.511541915803342656e-02 9.999362606492565586e-01 9.999362606492565586e-01 9.999362606492565586e-01 9.999362606492565586e-01 9.995764399671650535e-01 9.996293987213034082e-01 -7.129878124712838230e-03 -3.452645965041759024e-02 -2.389628589348038665e-03 -2.389628589348038665e-03 -2.389628589348038665e-03 -2.389628589348038665e-03 -2.454600336770608395e-04 4.170944997465462708e-05
1.503676535982690687e+00 1.477393147667660278e+00 2.188427488772795582e-02 9.997281316703930942e-01 9.997281316703930942e-01 9.997281316703930942e-01 9.997281316703930942e-01 9.995628018272763038e-01 9.996399688990521559e-01 -6.041673063117080147e-03 -3.009642575569182119e-02 -1.772950987919812062e-03 -1.772950987919812062e-03 -1.772950987919812062e-03 -1.772950987919812062e-03 -2.730276409905271767e-05 1.696941050016547152e-04
1.503118633474897603e+00 1.477381718656613829e+00 1.906827007923452000e-02 9.995768113725456150e-01 9.995768113725456150e-01 9.995768113725456150e-01 9.995768113725456150e-01 9.995680938600518539e-01 9.996612153417888669e-01 -5.118721862260878705e-03 -2.622367041417681538e-02 -1.253454969032170028e-03 -1.253454969032170028e-03 -1.253454969032170028e-03 -1.253454969032170028e-03 1.331434196093259732e-04 2.552347497311995028e-04
1.502645929043217921e+00 1.477373281281040507e+00 1.661500301200983035e-02 9.994730151097084292e-01 9.994730151097084292e-01 9.994730151097084292e-01 9.994730151097084292e-01 9.995870407888542974e-01 9.996893285970074317e-01 -4.336875034121476062e-03 -2.284167093031684234e-02 -8.224702877142985166e-04 -8.224702877142985166e-04 -8.224702877142985166e-04 -8.224702877142985166e-04 2.457951564421080072e-04 3.070303546409609862e-04
1.502245378709966994e+00 1.477367051615649629e+00 1.447837176183499122e-02 9.994083447838441048e-01 9.994083447838441048e-01 9.994083447838441048e-01 9.994083447838441048e-01 9.996153090726730417e-01 9.997213106843610975e-01 -3.675101988743320353e-03 -1.989095407317998179e-02 -4.709362295682352224e-04 -4.709362295682352224e-04 -4.709362295682352224e-04 -4.709362295682352224e-04 3.195705199308828846e-04 3.326113924307468788e-04
1.501905893412335935e+00 1.477362450539669192e+00 1.261789587648333606e-02 9.993753107596914376e-01 9.993753107596914376e-01 9.993753107596914376e-01 9.993753107596914376e-01 9.996494049078669120e-01 9.997548604085340074e-01 -3.115228507322183229e-03 -1.731856363385314221e-02 -1.897442534847715214e-04 -1.897442534847715214e-04 -1.897442534847715214e-04 -1.897442534847715214e-04 3.623461839449898178e-04 3.383830910304323671e-04
1.501618069614784501e+00 1.477359050743038971e+00 1.099809206153041369e-02 9.993673235111458775e-01 9.993673235111458775e-01 9.993673235111458775e-01 9.993673235111458775e-01 9.996865703400492631e-01 9.997882645217590625e-01 -2.641649648612207166e-03 -1.507751266520529314e-02 2.999928257423205459e-05 2.999928257423205459e-05 2.999928257423205459e-05 2.999928257423205459e-05 3.809624597028234854e-04 3.296991734691315581e-04
1.501373948177934237e+00 1.477356537174700613e+00 9.587904464621085920e-03 9.993786624074051383e-01 9.993786624074051383e-01 9.993786624074051383e-01 9.993786624074051383e-01 9.997246816209373055e-01 9.998202972160364910e-01 -2.241038294705122169e-03 -1.312623927298129690e-02 1.967786426096810627e-04 1.967786426096810627e-04 1.967786426096810627e-04 1.967786426096810627e-04 3.812631580559042600e-04 3.109547120771838434e-04
1.501166801475577017e+00 1.477354677644113323e+00 8.360188533387576462e-03 9.994044279240666961e-01 9.994044279240666961e-01 9.994044279240666961e-01 9.994044279240666961e-01 9.997621527550545339e-01 9.998501294116519666e-01 -1.902062938294164524e-03 -1.142807935168888532e-02 3.185316906232318239e-04 3.185316906232318239e-04 3.185316906232318239e-04 3.185316906232318239e-04 3.681595242889950412e-04 2.856892002318360438e-04
1.500990947559589062e+00 1.477353301041936406e+00 7.291246299053215710e-03 9.994404825338695231e-01 9.994404825338695231e-01 9.994404825338695231e-01 9.994404825338695231e-01 9.997978462085035378e-01 9.998772485247334751e-01 -1.615123309859372094e-03 -9.950765334998324524e-03 4.025605054313025999e-04 4.025605054313025999e-04 4.025605054313025999e-04 4.025605054313025999e-04 3.457095446921621762e-04 2.566930614010047812e-04
1.500841589444135815e+00 1.477352281247374055e+00 6.360410198797679208e-03 9.994833846002852962e-01 9.994833846002852962e-01 9.994833846002852962e-01 9.994833846002852962e-01 9.998309919721495298e-01 9.999013888074748113e-01 -1.372108736780278419e-03 -8.665956670112424584e-03 4.554808228855530155e-04 4.554808228855530155e-04 4.554808228855530155e-04 4.554808228855530155e-04 3.172057282276765484e-04 2.261125934247152844e-04
1.500714677189751489e+00 1.477351525260987453e+00 5.549672107305989900e-03 9.995303187669537515e-01 9.995303187669537515e-01 9.995303187669537515e-01 9.995303187669537515e-01 9.998611155598826628e-01 9.999224719278260176e-01 -1.166181452679888875e-03 -7.548805159721385868e-03 4.832025104826681941e-04 4.832025104826681941e-04 4.832025104826681941e-04 4.832025104826681941e-04 2.852660264334329733e-04 1.955498136007590782e-04
1.500606790316415973e+00 1.477350964465942607e+00 4.843354029564867283e-03 9.995790256058907364e-01 9.995790256058907364e-01 9.995790256058907364e-01 9.995790256058907364e-01 9.998879750552791545e-01 9.999405571614540245e-01 -9.915852089715673865e-04 -6.577556395101076016e-03 4.909342682550236082e-04 4.909342682550236082e-04 4.909342682550236082e-04 4.909342682550236082e-04 2.519238814962424617e-04 1.661548589580674697e-04
1.500515038087009589e+00 1.477350548198915314e+00 4.227816854743364321e-03 9.996277326538989261e-01 9.996277326538989261e-01 9.996277326538989261e-01 9.996277326538989261e-01 9.999115069744802797e-01 9.999558003813763252e-01 -8.434782936188807726e-04 -5.733187101328991037e-03 4.832066919084369253e-04 4.832066919084369253e-04 4.832066919084369253e-04 4.832066919084369253e-04 2.187145025238128521e-04 1.387095394885293328e-04
1.500436975321497890e+00 1.477350239022486411e+00 3.691203638604036077e-03 9.996750884242129320e-01 9.996750884242129320e-01 9.996750884242129320e-01 9.996750884242129320e-01 9.999317804687531952e-01 9.999684209270182089e-01 -7.177892806696268982e-04 -4.999077221457589454e-03 4.639087143725573290e-04 4.639087143725573290e-04 4.639087143725573290e-04 4.639087143725573290e-04 1.867553829343643768e-04 1.137013733512183100e-04
1.500370531585641931e+00 1.477350009249057683e+00 3.223214033056564717e-03 9.997201005224551906e-01 9.997201005224551906e-01 9.997201005224551906e-01 9.997201005224551906e-01 9.999489592283344885e-01 9.999786753948913809e-01 -6.110933945553392995e-04 -4.360714889491844673e-03 4.363332504733050316e-04 4.363332504733050316e-04 4.363332504733050316e-04 4.363332504733050316e-04 1.568198086897128413e-04 9.138798411553121070e-05
1.500313951815409164e+00 1.477349838384388159e+00 2.814906688247735978e-03 9.997620786150201999e-01 9.997620786150201999e-01 9.997620786150201999e-01 9.997620786150201999e-01 9.999632703532385092e-01 9.999868374011349204e-01 -5.205071779175462782e-04 -3.805432006684724908e-03 4.032286008299837432e-04 4.032286008299837432e-04 4.032286008299837432e-04 4.032286008299837432e-04 1.294026893915179984e-04 7.185214075315514610e-05
1.500265746668159705e+00 1.477349711246505937e+00 2.458526693896831428e-03 9.998005826862241818e-01 9.998005826862241818e-01 9.998005826862241818e-01 9.998005826862241818e-01 9.999749794123672375e-01 9.999931824080930953e-01 -4.435991253602436491e-04 -3.322167880333373041e-03 3.668528232502428553e-04 3.668528232502428553e-04 3.668528232502428553e-04 3.668528232502428553e-04 1.047784931861101476e-04 5.504799841156805069e-05
1.500224651119547392e+00 1.477349616580569291e+00 2.147355386924674689e-03 9.998353767700589589e-01 9.998353767700589589e-01 9.998353767700589589e-01 9.998353767700589589e-01 9.999843709071301046e-01 9.999979767718198964e-01 -3.783140308942144160e-04 -2.901258259109760432e-03 3.290288534433684201e-04 3.290288534433684201e-04 3.290288534433684201e-04 3.290288534433684201e-04 8.305140207076965140e-05 4.083927612621018069e-05
1.500189590041487220e+00 1.477349546037996841e+00 1.875580120763013477e-03 9.998663881454522562e-01 9.998663881454522562e-01 9.998663881454522562e-01 9.998663881454522562e-01 9.999917333794924312e-01 1.000001470246007385e+00 -3.229089517844469437e-04 -2.534247064123465107e-03 2.911986544210451856e-04 2.911986544210451856e-04 2.911986544210451856e-04 2.911986544210451856e-04 6.419804517822488756e-05 2.903020762642709331e-05
1.500159649695899988e+00 1.477349493423290916e+00 1.638181860619809848e-03 9.998936718331536966e-01 9.998936718331536966e-01 9.998936718331536966e-01 9.998936718331536966e-01 9.999973484482922448e-01 1.000003891263455458e+00 -2.758988859768926605e-04 -2.213718138740604444e-03 2.544750996065456598e-04 2.544750996065456598e-04 2.544750996065456598e-04 2.544750996065456598e-04 4.810333081864057170e-05 1.939014133782128441e-05
1.500134054258104754e+00 1.477349454137721008e+00 1.430838733798537373e-03 9.999173801208114387e-01 9.999173801208114387e-01 9.999173801208114387e-01 9.999173801208114387e-01 1.000001483114758338e+00 1.000005444403562649e+00 -2.360104738289608344e-04 -1.933144397684846997e-03 2.196906535496468609e-04 2.196906535496468609e-04 2.196906535496468609e-04 2.196906535496468609e-04 3.458999850118037606e-05 1.167266081360826125e-05
1.500112146641398470e+00 1.477349424767918418e+00 1.249843922542756428e-03 9.999377367640893688e-01 9.999377367640893688e-01 9.999377367640893688e-01 9.999377367640893688e-01 1.000004384742831931e+00 1.000006309539590799e+00 -2.021422546346604066e-04 -1.686751827430769089e-03 1.874422120108181205e-04 1.874422120108181205e-04 1.874422120108181205e-04 1.874422120108181205e-04 2.344256297499099336e-05 5.630059746530217196e-06
1.500093373030189081e+00 1.477349402781246601e+00 1.092036538182429399e-03 9.999550154599970986e-01 9.999550154599970986e-01 9.999550154599970986e-01 9.999550154599970986e-01 1.000006278187721476e+00 1.000006642239910981e+00 -1.733302274426573141e-04 -1.469395859775768235e-03 1.581317061409561950e-04 1.581317061409561950e-04 1.581317061409561950e-04 1.581317061409561950e-04 1.442633481444516804e-05 1.023946656946412464e-06
1.500077270643191296e+00 1.477349386299943390e+00 9.547443603822672060e-04 9.999695221587917571e-01 9.999695221587917571e-01 9.999695221587917571e-01 9.999695221587917571e-01 1.000007364613751282e+00 1.000006575071317183e+00 -1.487176814545251120e-04 -1.276447696227476060e-03 1.320022697516544049e-04 1.320022697516544049e-04 1.320022697516544049e-04 1.320022697516544049e-04 7.302185775205187705e-06 -2.367318538854512978e-06
1.500063458340922695e+00 1.477349373933472210e+00 8.357375659639223455e-04 9.999815807682981283e-01 9.999815807682981283e-01 9.999815807682981283e-01 9.999815807682981283e-01 1.000007821607540537e+00 1.000006219518675854e+00 -1.275284748057020417e-04 -1.103688192139418763e-03 1.091699203757447043e-04 1.091699203757447043e-04 1.091699203757447043e-04 1.091699203757447043e-04 1.837690007206817982e-06 -4.743734284078046737e-06
1.500051629763067718e+00 1.477349364653990804e+00 7.331928109841334956e-04 9.999915218053105903e-01 9.999915218053105903e-01 9.999915218053105903e-01 9.999915218053105903e-01 1.000007804253076893e+00 1.000005668293220573e+00 -1.090431551966918348e-04 -9.472069074563575861e-04 8.965081987464019477e-05 8.965081987464019477e-05 8.965081987464019477e-05 8.965081987464019477e-05 -2.184779283656161854e-06 -6.280774820650306792e-06
1.500041548730868923e+00 1.477349357703902744e+00 6.456672712454634240e-04 9.999996735595225728e-01 9.999996735595225728e-01 9.999996735595225728e-01 9.999996735595225728e-01 1.000007446890173846e+00 1.000004997851524413e+00 -9.257753675744920219e-05 -8.033038873170402676e-04 7.338426436586542199e-05 7.338426436586542199e-05 7.338426436586542199e-05 7.338426436586542199e-05 -4.962478777976534029e-06 -7.128059105424326006e-06
1.500033046676572779e+00 1.477349352527505211e+00 5.720824947522008125e-04 1.000006355353314058e+00 1.000006355353314058e+00 1.000006355353314058e+00 1.000006355353314058e+00 1.000006865326417360e+00 1.000004270988854360e+00 -7.746358072154204820e-05 -6.683916425482159737e-04 6.025161146070869526e-05 6.025161146070869526e-05 6.025161146070869526e-05 6.025161146070869526e-05 -6.668796348394435596e-06 -7.409194298754698310e-06
1.500026021864611980e+00 1.477349348721078259e+00 5.117181801877904515e-04 1.000011872503390187e+00 1.000011872503390187e+00 1.000011872503390187e+00 1.000011872503390187e+00 1.000006159314644316e+00 1.000003539404562547e+00 -6.303267914190394431e-05 -5.388946487399912458e-04 5.009139005644285241e-05 5.009139005644285241e-05 5.009139005644285241e-05 5.009139005644285241e-05 -7.451439113359237933e-06 -7.222491535546626981e-06
1.500020440145496625e+00 1.477349345997611696e+00 4.642162745744225945e-04 1.000016512615825359e+00 1.000016512615825359e+00 1.000016512615825359e+00 1.000016512615825359e+00 1.000005415143197851e+00 1.000002846163949632e+00 -4.860171646367230969e-05 -4.111434635273658405e-04 4.271085864597984122e-05 4.271085864597984122e-05 4.271085864597984122e-05 4.271085864597984122e-05 -7.431989815185236957e-06 -6.642320721990616055e-06
