2.999999999906654669e+00 2.999999999839922715e+00 1.999999998923150946e+00 1.999999998923150946e+00 1.999999998923150946e+00 1.999999998923150946e+00 1.999999999191068856e+00 1.999999999668747197e+00
2.999999999879938706e+00 2.999999999759928926e+00 1.999999837801461178e+00 1.999999837801461178e+00 1.999999837801461178e+00 1.999999837801461178e+00 1.999999996353327925e+00 1.999999999180902099e+00
2.999999999838656617e+00 2.999999999530533756e+00 1.648839942221815402e+00 1.648839942221815402e+00 1.648839942221815402e+00 1.648839942221815402e+00 1.999996632568106225e+00 1.999999985670686931e+00
2.999999999761311376e+00 2.999999996394061785e+00 1.102119345121068683e+00 1.102119345121068683e+00 1.102119345121068683e+00 1.102119345121068683e+00 1.458409651027804843e+00 1.647972237126884121e+00
2.999999999546384188e+00 1.938330213753900688e+00 6.544955720508659480e-01 6.544955720508659480e-01 6.544955720508659480e-01 6.544955720508659480e-01 8.058911289445591652e-01 8.943393602716422919e-01
2.999999996835942984e+00 1.486486791518089601e-01 2.948533320712235506e-01 2.948533320712235506e-01 2.948533320712235506e-01 2.948533320712235506e-01 3.007043328880931177e-01 3.188501564878795658e-01
2.202215594866845816e+00 -1.053030269624210868e+00 1.228065864465718166e-02 1.228065864465718166e-02 1.228065864465718166e-02 1.228065864465718166e-02 -7.913385162203820378e-02 -1.068020368552468902e-01
6.365131889217165995e-01 -1.781214418367861763e+00 -2.036778398238176524e-01 -2.036778398238176524e-01 -2.036778398238176524e-01 -2.036778398238176524e-01 -3.540707979760261970e-01 -4.086397609714900181e-01
-5.151947847966108496e-01 -2.154983021068348492e+00 -3.628403473808420876e-01 -3.628403473808420876e-01 -3.628403473808420876e-01 -3.628403473808420876e-01 -5.427173446924696831e-01 -6.100575708707473011e-01
-1.304254798321893061e+00 -2.281764150806284697e+00 -4.742676093219016509e-01 -4.742676093219016509e-01 -4.742676093219016509e-01 -4.742676093219016509e-01 -6.616919933095917195e-01 -7.316745537310642700e-01
-1.794464264781556295e+00 -2.244436778160212587e+00 -5.461921119505981359e-01 -5.461921119505981359e-01 -5.461921119505981359e-01 -5.461921119505981359e-01 -7.255765481149457630e-01 -7.913335654623537829e-01
-2.051823757427410300e+00 -2.101676046413831322e+00 -5.859869220579728699e-01 -5.859869220579728699e-01 -5.859869220579728699e-01 -5.859869220579728699e-01 -7.469547793808450908e-01 -8.042059324273581611e-01
-2.136639549912933589e+00 -1.893840038880726384e+00 -6.001656498209815283e-01 -6.001656498209815283e-01 -6.001656498209815283e-01 -6.001656498209815283e-01 -7.365104353740228316e-01 -7.829679742833659528e-01
-2.099528886781744763e+00 -1.649093198249224956e+00 -5.944061616916045399e-01 -5.944061616916045399e-01 -5.944061616916045399e-01 -5.944061616916045399e-01 -7.031652228804926574e-01 -7.380224474826244663e-01
-1.980585651357642529e+00 -1.387832268396764102e+00 -5.735917608670176859e-01 -5.735917608670176859e-01 -5.735917608670176859e-01 -5.735917608670176859e-01 -6.542411921812179010e-01 -6.777438749398559947e-01
-1.810380557520536726e+00 -1.125301360443170084e+00 -5.418645589839174992e-01 -5.418645589839174992e-01 -5.418645589839174992e-01 -5.418645589839174992e-01 -5.956352957233389533e-01 -6.087317402828210655e-01
-1.611680565190162895e+00 -8.729364798330291331e-01 -5.026866761078151447e-01 -5.026866761078151447e-01 -5.026866761078151447e-01 -5.026866761078151447e-01 -5.319967536485389337e-01 -5.360597349281958079e-01
-1.401195555644697777e+00 -6.390260445893168884e-01 -4.589057236055634204e-01 -4.589057236055634204e-01 -4.589057236055634204e-01 -4.589057236055634204e-01 -4.669002801143874448e-01 -4.635127193335503160e-01
-1.191033413988296541e+00 -4.291032674627260901e-01 -4.128217462390579295e-01 -4.128217462390579295e-01 -4.128217462390579295e-01 -4.128217462390579295e-01 -4.030102366361604238e-01 -3.938058717869952763e-01
-9.897906940488266914e-01 -2.462946499403662337e-01 -3.662534285541676482e-01 -3.662534285541676482e-01 -3.662534285541676482e-01 -3.662534285541676482e-01 -3.422324220840076148e-01 -3.287827284149775209e-01
-8.033319969456401699e-01 -9.170708207893046859e-02 -3.206019110324204724e-01 -3.206019110324204724e-01 -3.206019110324204724e-01 -3.206019110324204724e-01 -2.858515253203730011e-01 -2.695905458318096914e-01
-6.353519638367610689e-01 3.514565280255176061e-02 -2.769110195283829845e-01 -2.769110195283829845e-01 -2.769110195283829845e-01 -2.769110195283829845e-01 -2.346532977515962404e-01 -2.168327189303648483e-01
-4.878063019198600747e-01 1.359104196507213980e-01 -2.359230940892614037e-01 -2.359230940892614037e-01 -2.359230940892614037e-01 -2.359230940892614037e-01 -1.890312899495346366e-01 -1.706989314476351494e-01
-3.612713262035721073e-01 2.129941122743347348e-01 -1.981299176618676328e-01 -1.981299176618676328e-01 -1.981299176618676328e-01 -1.981299176618676328e-01 -1.490785772276453369e-01 -1.310743704513994412e-01
-2.552632251029247068e-01 2.692223167769619008e-01 -1.638184989017886783e-01 -1.638184989017886783e-01 -1.638184989017886783e-01 -1.638184989017886783e-01 -1.146653087945067595e-01 -9.762975506301305173e-02
-1.685273056436483174e-01 3.075702621644252899e-01 -1.331116636842073486e-01 -1.331116636842073486e-01 -1.331116636842073486e-01 -1.331116636842073486e-01 -8.550318553299998681e-02 -6.989416460227323991e-02
-9.929586236784330999e-02 3.309664971994739080e-01 -1.060035640749461272e-01 -1.060035640749461272e-01 -1.060035640749461272e-01 -1.060035640749461272e-01 -6.119813058705261821e-02 -4.731274486493861064e-02
-4.550942518718881225e-02 3.421613875219662315e-01 -8.239032814832553120e-02 -8.239032814832553120e-02 -8.239032814832553120e-02 -8.239032814832553120e-02 -4.129248915150149357e-02 -2.929135964667319708e-02
-4.997093018747975589e-03 3.436484642887220331e-01 -6.209615533550067595e-02 -6.209615533550067595e-02 -6.209615533550067595e-02 -6.209615533550067595e-02 -2.529810000642136736e-02 -1.523016792654085898e-02
2.438524713948233072e-02 3.376258494162575619e-01 -4.489521560483982626e-02 -4.489521560483982626e-02 -4.489521560483982626e-02 -4.489521560483982626e-02 -1.272153896635818023e-02 -4.547969737534816002e-03
4.465667593095774129e-02 3.259861552954630426e-01 -3.052974179192956619e-02 -3.052974179192956619e-02 -3.052974179192956619e-02 -3.052974179192956619e-02 -3.082758052566291710e-03 3.301004849337734436e-03
5.764826233643675218e-02 3.103253285715159571e-01 -1.872471730945240997e-02 -1.872471730945240997e-02 -1.872471730945240997e-02 -1.872471730945240997e-02 4.071754351591060431e-03 8.816373842292963420e-03
6.496917786932526750e-02 2.919631492300824305e-01 -9.199560209273052735e-03 -9.199560209273052735e-03 -9.199560209273052735e-03 -9.199560209273052735e-03 9.160278429545727977e-03 1.244564793075784125e-02
6.799530415263191352e-02 2.719701100017731799e-01 -1.677192532926438315e-03 -1.677192532926438315e-03 -1.677192532926438315e-03 -1.677192532926438315e-03 1.256073579717092818e-02 1.458192620582844309e-02
6.787407461580730050e-02 2.511970300782979670e-01 4.109136041377559577e-03 4.109136041377559577e-03 4.109136041377559577e-03 4.109136041377559577e-03 1.460834985557830229e-02 1.556430304437071699e-02
6.554010039963691081e-02 2.303049880941763217e-01 8.410926646715114613e-03 8.410926646715114613e-03 8.410926646715114613e-03 8.410926646715114613e-03 1.559542574243392640e-02 1.568020789281995842e-02
6.173714990880085213e-02 2.097940472598944783e-01 1.146109703492233060e-02 1.146109703492233060e-02 1.146109703492233060e-02 1.146109703492233060e-02 1.577268760035639358e-02 1.516904538770973837e-02
5.704309418185990466e-02 1.900298659476581942e-01 1.347195073407000260e-02 1.347195073407000260e-02 1.347195073407000260e-02 1.347195073407000260e-02 1.535170771775118230e-02 1.422663193638875993e-02
5.189538131341230043e-02 1.712677112016044167e-01 1.463419683747469238e-02 1.463419683747469238e-02 1.463419683747469238e-02 1.463419683747469238e-02 1.450804914207090568e-02 1.301003646197488803e-02
4.661540524860184609e-02 1.536736780227592469e-01 1.511679856365943930e-02 1.511679856365943930e-02 1.511679856365943930e-02 1.511679856365943930e-02 1.338482021247142627e-02 1.164252807425878757e-02
4.143077046407738634e-02 1.373431062430182370e-01 1.506745840163112651e-02 1.506745840163112651e-02 1.506745840163112651e-02 1.506745840163112651e-02 1.209640616795318833e-02 1.021841300829523860e-02
3.649493222966213729e-02 1.223163090176134365e-01 1.461357560842239597e-02 1.461357560842239597e-02 1.461357560842239597e-02 1.461357560842239597e-02 1.073219995571014079e-02 8.807608612761731737e-03
3.190403303910465532e-02 1.085918026736122782e-01 1.386353769200962364e-02 1.386353769200962364e-02 1.386353769200962364e-02 1.386353769200962364e-02 9.360202223261252993e-03 7.459854968390908399e-03
2.771098487831306564e-02 9.613727063153920671e-02 1.290823107230922549e-02 1.290823107230922549e-02 1.290823107230922549e-02 1.290823107230922549e-02 8.030400005995698767e-03 6.208506428335917003e-03
2.393698956762842223e-02 8.489851391132631486e-02 1.182267726168820081e-02 1.182267726168820081e-02 1.182267726168820081e-02 1.182267726168820081e-02 6.777865679384021368e-03 5.073877535346008050e-03
2.058076801901940686e-02 7.480664415411371337e-02 1.066771963132983302e-02 1.066771963132983302e-02 1.066771963132983302e-02 1.066771963132983302e-02 5.625543222109719715e-03 4.066141852430955363e-03
1.762580263464159566e-02 6.578376716087769305e-02 9.491702187913047400e-03 9.491702187913047400e-03 9.491702187913047400e-03 9.491702187913047400e-03 4.586708612933219908e-03 3.187799605126098376e-03
1.504590004971012585e-02 5.774738946518506721e-02 8.332095885308246283e-03 8.332095885308246283e-03 8.332095885308246283e-03 8.332095885308246283e-03 3.667106102777083123e-03 2.435741907256049315e-03
1.280936521481274362e-02 5.061376032474330239e-02 7.217039983820928116e-03 7.217039983820928116e-03 7.217039983820928116e-03 7.217039983820928116e-03 2.866772949817260937e-03 1.802946822149488395e-03
1.088205061595757389e-02 4.430033894725767668e-02 6.166776014282264289e-03 6.166776014282264289e-03 6.166776014282264289e-03 6.166776014282264289e-03 2.181572695780081231e-03 1.279846550270000638e-03
9.229512008562005751e-03 3.872755341515007887e-02 5.194960188876419915e-03 5.194960188876419915e-03 5.194960188876419915e-03 5.194960188876419915e-03 1.604461837083786787e-03 8.554064472954479295e-04
7.818468281394031633e-03 3.381999483859969569e-02 4.309846813178716193e-03 4.309846813178716193e-03 4.309846813178716193e-03 4.309846813178716193e-03 1.126517368327820774e-03 5.179560490976148346e-04
6.617730453781550150e-03 2.950716857136859855e-02 3.515340581460632725e-03 3.515340581460632725e-03 3.515340581460632725e-03 3.515340581460632725e-03 7.377536348877487739e-04 2.558103778978597386e-04
5.598734814211376448e-03 2.572390439326842360e-02 2.811919760834637010e-03 2.811919760834637010e-03 2.811919760834637010e-03 2.811919760834637010e-03 4.277566401410695489e-04 5.771698599685475478e-05
4.735788587099764961e-03 2.241050968647848723e-02 2.197435360590035882e-03 2.197435360590035882e-03 2.197435360590035882e-03 2.197435360590035882e-03 1.861627575783367304e-04 -8.683917561300799495e-05
4.006113539070853442e-03 1.951273392223998315e-02 1.667793600354489959e-03 1.667793600354489959e-03 1.667793600354489959e-03 1.667793600354489959e-03 3.006983530807421389e-06 -1.874446139194765242e-04
3.389753564109572979e-03 1.698159921292412625e-02 1.217530480135508263e-03 1.217530480135508263e-03 1.217530480135508263e-03 1.217530480135508263e-03 -1.310363376690916188e-04 -2.526551184534787551e-04
2.869396284347923431e-03 1.477314016690563399e-02 8.402881480807071089e-04 8.402881480807071089e-04 8.402881480807071089e-04 8.402881480807071089e-04 -2.244997959683285138e-04 -2.899613883083125175e-04
2.430145730790939790e-03 1.284808664885898032e-02 5.292031745425040479e-04 5.292031745425040479e-04 5.292031745425040479e-04 5.292031745425040479e-04 -2.850381646448556282e-04 -3.058046797628946969e-04
2.059272841003895009e-03 1.117151510391038369e-02 2.772168759711522734e-04 2.772168759711522734e-04 2.772168759711522734e-04 2.772168759711522734e-04 -3.193970179424358044e-04 -3.056277982395621162e-04
1.745962437083213364e-03 9.712487646203095057e-03 7.731757772355418192e-05 7.731757772355418192e-05 7.731757772355418192e-05 7.731757772355418192e-05 -3.334214493719052787e-04 -2.939495464269161395e-04
1.481069153526866789e-03 8.443692937720849792e-03 -7.727576346586651683e-05 -7.727576346586651683e-05 -7.727576346586651683e-05 -7.727576346586651683e-05 -3.320937897242962045e-04 -2.744531946953814223e-04
1.256890129492538527e-03 7.341098798714018429e-03 -1.929797753587962617e-04 -1.929797753587962617e-04 -1.929797753587962617e-04 -1.929797753587962617e-04 -3.195911958944848614e-04 -2.500816613731102287e-04
1.066958861142876637e-03 6.383623319657440003e-03 -2.757546389925237323e-04 -2.757546389925237323e-04 -2.757546389925237323e-04 -2.757546389925237323e-04 -2.993557424465151926e-04 -2.231338923568708843e-04
9.058621663779303215e-04 5.552828828071199388e-03 -3.310464964332117464e-04 -3.310464964332117464e-04 -3.310464964332117464e-04 -3.310464964332117464e-04 -2.741711929819485921e-04 -1.953584336237609170e-04
7.690805255730258578e-04 4.832641263513520399e-03 -3.637577757974098545e-04 -3.637577757974098545e-04 -3.637577757974098545e-04 -3.637577757974098545e-04 -2.462419620540785077e-04 -1.680414234158710354e-04
6.528509446602922227e-04 4.209096212236127822e-03 -3.782396980687440804e-04 -3.782396980687440804e-04 -3.782396980687440804e-04 -3.782396980687440804e-04 -2.172709111534047992e-04 -1.420872228535786865e-04
5.540507910976752654e-04 3.670111949862953256e-03 -3.783019902232327247e-04 -3.783019902232327247e-04 -3.783019902232327247e-04 -3.783019902232327247e-04 -1.885335689254475841e-04 -1.180906849978308805e-04
4.701006580755427234e-04 3.205289253828607927e-03 -3.672355481449947161e-04 -3.672355481449947161e-04 -3.672355481449947161e-04 -3.672355481449947161e-04 -1.609471435958430773e-04 -9.640066288605810940e-05
3.988841214793186949e-04 2.805737410557571001e-03 -3.478444605689883147e-04 -3.478444605689883147e-04 -3.478444605689883147e-04 -3.478444605689883147e-04 -1.351333231746019157e-04 -7.717480524213020789e-05
3.386821919430040061e-04 2.463925702540780815e-03 -3.224844153882872413e-04 -3.224844153882872413e-04 -3.224844153882872413e-04 -3.224844153882872413e-04 -1.114743552618937796e-04 -6.042601067078044220e-05
2.881202719200309250e-04 2.173559676550011147e-03 -2.931050586986195259e-04 -2.931050586986195259e-04 -2.931050586986195259e-04 -2.931050586986195259e-04 -9.016228160545826679e-05 -4.606113089583805113e-05
2.461254598813225635e-04 1.929481635482923696e-03 -2.612943638930178463e-04 -2.612943638930178463e-04 -2.612943638930178463e-04 -2.612943638930178463e-04 -7.124149039239977455e-05 -3.391265195800925654e-05
2.118920664882306757e-04 1.727595040880569718e-03 -2.283234937590969524e-04 -2.283234937590969524e-04 -2.283234937590969524e-04 -2.283234937590969524e-04 -5.464495767998369638e-05 -2.376415745223532997e-05
1.848531960901023130e-04 1.564812846830612421e-03 -1.951910050110452306e-04 -1.951910050110452306e-04 -1.951910050110452306e-04 -1.951910050110452306e-04 -4.022469290862979921e-05 -1.537040536572260055e-05
1.646561843924265430e-04 1.439030201393172101e-03 -1.626655550877476736e-04 -1.626655550877476736e-04 -1.626655550877476736e-04 -1.626655550877476736e-04 -2.777699494320372175e-05 -8.472842847740193827e-06
1.511395603590714044e-04 1.349122447688243156e-03 -1.313265290515673350e-04 -1.313265290515673350e-04 -1.313265290515673350e-04 -1.313265290515673350e-04 -1.706317570417901228e-05 -2.811351933303726436e-06
1.443090157963810660e-04 1.294969938082246629e-03 -1.016022140426583607e-04 -1.016022140426583607e-04 -1.016022140426583607e-04 -1.016022140426583607e-04 -7.826427649648019981e-06 1.867027632080702701e-06
1.443096267823163869e-04 1.277511852126253294e-03 -7.380531410463015264e-05 -7.380531410463015264e-05 -7.380531410463015264e-05 -7.380531410463015264e-05 1.944929817400109734e-07 5.801708135560107571e-06
1.513912948692463579e-04 1.298831998891897873e-03 -4.816572336396667090e-05 -4.816572336396667090e-05 -4.816572336396667090e-05 -4.816572336396667090e-05 7.254116801837098090e-06 9.213865677363546435e-06
