3.000000000000000000e+00 3.000000000000000000e+00 2.000000000000000000e+00 2.000000000000000000e+00 2.000000000000000000e+00 2.000000000000000000e+00 2.000000000000000000e+00 2.000000000000000000e+00
3.000000000000000000e+00 3.000000000000000000e+00 2.000000000000000000e+00 2.000000000000000000e+00 2.000000000000000000e+00 2.000000000000000000e+00 2.000000000000000000e+00 2.000000000000000000e+00
3.000000000000000000e+00 3.000000000000000000e+00 1.648839898978227581e+00 1.648839898978227581e+00 1.648839898978227581e+00 1.648839898978227581e+00 2.000000000000000000e+00 2.000000000000000000e+00
3.000000000000000000e+00 3.000000000000000000e+00 1.102119308832360645e+00 1.102119308832360645e+00 1.102119308832360645e+00 1.102119308832360645e+00 1.458408626431893840e+00 1.647972232201493137e+00
3.000000000000000000e+00 1.938330211614700316e+00 6.544955420486305853e-01 6.544955420486305853e-01 6.544955420486305853e-01 6.544955420486305853e-01 8.058902979339195305e-01 8.943393562837069766e-01
3.000000000000000000e+00 1.486486770889567655e-01 2.948533076930862640e-01 2.948533076930862640e-01 2.948533076930862640e-01 2.948533076930862640e-01 3.007036723999845229e-01 3.188501533490499806e-01
2.202215593669537341e+00 -1.053030270693707582e+00 1.228063923090142069e-02 1.228063923090142069e-02 1.228063923090142069e-02 1.228063923090142069e-02 -7.913436437544676960e-02 -1.068020392366740706e-01
6.365131874426235292e-01 -1.781214418963630308e+00 -2.036778549129824312e-01 -2.036778549129824312e-01 -2.036778549129824312e-01 -2.036778549129824312e-01 -3.540711848179183274e-01 -4.086397627125550880e-01
-5.151947862653447618e-01 -2.154983021397341325e+00 -3.628403587532514907e-01 -3.628403587532514907e-01 -3.628403587532514907e-01 -3.628403587532514907e-01 -5.427176259802705127e-01 -6.100575720915677458e-01
-1.304254799013746524e+00 -2.281764150938122793e+00 -4.742676175442184783e-01 -4.742676175442184783e-01 -4.742676175442184783e-01 -4.742676175442184783e-01 -6.616921876106796052e-01 -7.316745545363732006e-01
-1.794464265156351601e+00 -2.244436778145007860e+00 -5.461921175422123076e-01 -5.461921175422123076e-01 -5.461921175422123076e-01 -5.461921175422123076e-01 -7.255766720382926804e-01 -7.913335659402317424e-01
-2.051823757646528801e+00 -2.101676046296901745e+00 -5.859869254877863032e-01 -5.859869254877863032e-01 -5.859869254877863032e-01 -5.859869254877863032e-01 -7.469548475250279429e-01 -8.042059326520332174e-01
-2.136639550026644851e+00 -1.893840038698038075e+00 -6.001656515064401898e-01 -6.001656515064401898e-01 -6.001656515064401898e-01 -6.001656515064401898e-01 -7.365104603591166033e-01 -7.829679743172910378e-01
-2.099528886818664564e+00 -1.649093198027356877e+00 -5.944061619993985524e-01 -5.944061619993985524e-01 -5.944061619993985524e-01 -5.944061619993985524e-01 -7.031652154398098098e-01 -7.380224473778077554e-01
-1.980585651337915865e+00 -1.387832268156068860e+00 -5.735917601150040124e-01 -5.735917601150040124e-01 -5.735917601150040124e-01 -5.735917601150040124e-01 -6.542411612939340593e-01 -6.777438747389580298e-01
-1.810380557457038408e+00 -1.125301360199856715e+00 -5.418645574439212576e-01 -5.418645574439212576e-01 -5.418645574439212576e-01 -5.418645574439212576e-01 -5.956352487726503941e-01 -6.087317400202241213e-01
-1.611680565091795803e+00 -8.729364795996847892e-01 -5.026866740090283336e-01 -5.026866740090283336e-01 -5.026866740090283336e-01 -5.026866740090283336e-01 -5.319966965930305047e-01 -5.360597346310520539e-01
-1.401195555520172054e+00 -6.390260443749183894e-01 -4.589057211383134605e-01 -4.589057211383134605e-01 -4.589057211383134605e-01 -4.589057211383134605e-01 -4.669002176630764334e-01 -4.635127190227741334e-01
-1.191033413847767619e+00 -4.291032672728916086e-01 -4.128217435587560047e-01 -4.128217435587560047e-01 -4.128217435587560047e-01 -4.128217435587560047e-01 -4.030101724201092805e-01 -3.938058714781877967e-01
-9.897906939030927109e-01 -2.462946497778988886e-01 -3.662534257852859687e-01 -3.662534257852859687e-01 -3.662534257852859687e-01 -3.662534257852859687e-01 -3.422323588194249866e-01 -3.287827281192871043e-01
-8.033319968041077175e-01 -9.170708194445624517e-02 -3.206019082723838287e-01 -3.206019082723838287e-01 -3.206019082723838287e-01 -3.206019082723838287e-01 -2.858514649598066226e-01 -2.695905455567305098e-01
-6.353519637058427927e-01 3.514565290998173525e-02 -2.769110168512854409e-01 -2.769110168512854409e-01 -2.769110168512854409e-01 -2.769110168512854409e-01 -2.346532416211300209e-01 -2.168327186804668294e-01
-4.878063018027791187e-01 1.359104197331072184e-01 -2.359230915493494563e-01 -2.359230915493494563e-01 -2.359230915493494563e-01 -2.359230915493494563e-01 -1.890312388709708136e-01 -1.706989312252137625e-01
-3.612713261012434618e-01 2.129941123342978804e-01 -1.981299152967447574e-01 -1.981299152967447574e-01 -1.981299152967447574e-01 -1.981299152967447574e-01 -1.490785316254322201e-01 -1.310743702570378866e-01
-2.552632250150339011e-01 2.692223168174138204e-01 -1.638184967353221166e-01 -1.638184967353221166e-01 -1.638184967353221166e-01 -1.638184967353221166e-01 -1.146652687877827564e-01 -9.762975489605343893e-02
-1.685273055693768673e-01 3.075702621883268928e-01 -1.331116617291245863e-01 -1.331116617291245863e-01 -1.331116617291245863e-01 -1.331116617291245863e-01 -8.550315101354338809e-02 -6.989416446120083615e-02
-9.929586230619943943e-02 3.309664972096744151e-01 -1.060035623351232026e-01 -1.060035623351232026e-01 -1.060035623351232026e-01 -1.060035623351232026e-01 -6.119810128420258982e-02 -4.731274474768785293e-02
-4.550942513710642956e-02 3.421613875211040323e-01 -8.239032662077874769e-02 -8.239032662077874769e-02 -8.239032662077874769e-02 -8.239032662077874769e-02 -4.129246468528913888e-02 -2.929135955086610218e-02
-4.997092979104820511e-03 3.436484642791701738e-01 -6.209615401209374330e-02 -6.209615401209374330e-02 -6.209615401209374330e-02 -6.209615401209374330e-02 -2.529807993022758356e-02 -1.523016784966720223e-02
2.438524716985223870e-02 3.376258494001020405e-01 -4.489521447372995383e-02 -4.489521447372995383e-02 -4.489521447372995383e-02 -4.489521447372995383e-02 -1.272152280042960180e-02 -4.547969677085746641e-03
4.465667595323914718e-02 3.259861552745008106e-01 -3.052974083877272801e-02 -3.052974083877272801e-02 -3.052974083877272801e-02 -3.052974083877272801e-02 -3.082745309667007765e-03 3.301004895774943115e-03
5.764826235179808939e-02 3.103253285472668543e-01 -1.872471651839189774e-02 -1.872471651839189774e-02 -1.872471651839189774e-02 -1.872471651839189774e-02 4.071764147154780834e-03 8.816373876971173376e-03
6.496917787888323303e-02 2.919631492038093357e-01 -9.199559563735635812e-03 -9.199559563735635812e-03 -9.199559563735635812e-03 -9.199559563735635812e-03 9.160285728428281884e-03 1.244564795573026642e-02
6.799530415742238709e-02 2.719701099745061024e-01 -1.677192016249577297e-03 -1.677192016249577297e-03 -1.677192016249577297e-03 -1.677192016249577297e-03 1.256074101598972544e-02 1.458192622292805302e-02
6.787407461676464582e-02 2.511970300508596932e-01 4.109136445464497966e-03 4.109136445464497966e-03 4.109136445464497966e-03 4.109136445464497966e-03 1.460835337152175360e-02 1.556430305520347876e-02
6.554010039758398354e-02 2.303049880672085881e-01 8.410926953734791656e-03 8.410926953734791656e-03 8.410926953734791656e-03 8.410926953734791656e-03 1.559542789070155790e-02 1.568020789876866175e-02
6.173714990444687661e-02 2.097940472338833129e-01 1.146109725939796486e-02 1.146109725939796486e-02 1.146109725939796486e-02 1.146109725939796486e-02 1.577268867374643363e-02 1.516904538994545346e-02
5.704309417580524788e-02 1.900298659229574527e-01 1.347195088936152876e-02 1.347195088936152876e-02 1.347195088936152876e-02 1.347195088936152876e-02 1.535170796784362732e-02 1.422663193588659045e-02
5.189538130615756195e-02 1.712677111784577932e-01 1.463419693568551207e-02 1.463419693568551207e-02 1.463419693568551207e-02 1.463419693568551207e-02 1.450804878152872970e-02 1.301003645953283626e-02
4.661540524055916151e-02 1.536736780013195081e-01 1.511679861560009247e-02 1.511679861560009247e-02 1.511679861560009247e-02 1.511679861560009247e-02 1.338481941808424523e-02 1.164252807051843405e-02
4.143077045558212629e-02 1.373431062233647082e-01 1.506745841682728508e-02 1.506745841682728508e-02 1.506745841682728508e-02 1.506745841682728508e-02 1.209640508411182792e-02 1.021841300376168972e-02
3.649493222098430800e-02 1.223163089997669623e-01 1.461357559515631330e-02 1.461357559515631330e-02 1.461357559515631330e-02 1.461357559515631330e-02 1.073219869807857073e-02 8.807608607823888200e-03
3.190403303045933475e-02 1.085918026575484058e-01 1.386353765738629167e-02 1.386353765738629167e-02 1.386353765738629167e-02 1.386353765738629167e-02 9.360200882465408850e-03 7.459854963339790888e-03
2.771098486986887238e-02 9.613727061719905265e-02 1.290823102233923728e-02 1.290823102233923728e-02 1.290823102233923728e-02 1.290823102233923728e-02 8.030398651192415319e-03 6.208506423381846863e-03
2.393698955951521767e-02 8.489851389862609898e-02 1.182267720138131285e-02 1.182267720138131285e-02 1.182267720138131285e-02 1.182267720138131285e-02 6.777864361621056648e-03 5.073877530634070612e-03
2.058076801133433206e-02 7.480664414295230824e-02 1.066771956479370224e-02 1.066771956479370224e-02 1.066771956479370224e-02 1.066771956479370224e-02 5.625541977413489082e-03 4.066141848054312218e-03
1.762580262745445242e-02 6.578376715114289675e-02 9.491702118453827774e-03 9.491702118453827774e-03 9.491702118453827774e-03 9.491702118453827774e-03 4.586707465091349745e-03 3.187799601137439147e-03
1.504590004306788006e-02 5.774738945675877283e-02 8.332095815529233854e-03 8.332095815529233854e-03 8.332095815529233854e-03 8.332095815529233854e-03 3.667105065798714932e-03 2.435741903677609687e-03
1.280936520874305547e-02 5.061376031750554338e-02 7.217039915717290803e-03 7.217039915717290803e-03 7.217039915717290803e-03 7.217039915717290803e-03 2.866772030074584820e-03 1.802946818981105087e-03
1.088205061047193938e-02 4.430033894108968001e-02 6.166775949330184983e-03 6.166775949330184983e-03 6.166775949330184983e-03 6.166775949330184983e-03 2.181571893839618845e-03 1.279846547495744336e-03
9.229512003658624231e-03 3.872755340993667972e-02 5.194960128115292883e-03 5.194960128115292883e-03 5.194960128115292883e-03 5.194960128115292883e-03 1.604461149247704641e-03 8.554064448890058049e-04
7.818468277060296873e-03 3.381999483423112768e-02 4.309846757286092331e-03 4.309846757286092331e-03 4.309846757286092331e-03 4.309846757286092331e-03 1.126516787910516494e-03 5.179560470265181767e-04
6.617730449996052193e-03 2.950716856774168034e-02 3.515340530819211981e-03 3.515340530819211981e-03 3.515340530819211981e-03 3.515340530819211981e-03 7.377531532522228243e-04 2.558103761266539980e-04
5.598734810945990223e-03 2.572390439028738110e-02 2.811919715591523067e-03 2.811919715591523067e-03 2.811919715591523067e-03 2.811919715591523067e-03 4.277562475256910810e-04 5.771698448949555557e-05
4.735788584321389341e-03 2.241050968405540467e-02 2.197435320708671178e-03 2.197435320708671178e-03 2.197435320708671178e-03 2.197435320708671178e-03 1.861624437401742413e-04 -8.683917689152441800e-05
4.006113536742978570e-03 1.951273392029497650e-02 1.667793565659067209e-03 1.667793565659067209e-03 1.667793565659067209e-03 1.667793565659067209e-03 3.006738232244785886e-06 -1.874446150019693435e-04
3.389753562193562660e-03 1.698159921138529815e-02 1.217530450348789381e-03 1.217530450348789381e-03 1.217530450348789381e-03 1.217530450348789381e-03 -1.310365243040933700e-04 -2.526551193698226331e-04
2.869396282804021706e-03 1.477314016570886041e-02 8.402881228557090203e-04 8.402881228557090203e-04 8.402881228557090203e-04 8.402881228557090203e-04 -2.244999332069354671e-04 -2.899613890850711662e-04
2.430145729579198145e-03 1.284808664794760170e-02 5.292031534885555328e-04 5.292031534885555328e-04 5.292031534885555328e-04 5.292031534885555328e-04 -2.850382609856592898e-04 -3.058046804232474915e-04
2.059272840085000274e-03 1.117151510323475573e-02 2.772168586749369779e-04 2.772168586749369779e-04 2.772168586749369779e-04 2.772168586749369779e-04 -3.193970810260174029e-04 -3.056277988033532090e-04
1.745962436419206537e-03 9.712487645720135898e-03 7.731756376587611032e-05 7.731756376587611032e-05 7.731756376587611032e-05 7.731756376587611032e-05 -3.334214859447008519e-04 -2.939495469108546039e-04
1.481069153081611628e-03 8.443692937393498799e-03 -7.727577449721644974e-05 -7.727577449721644974e-05 -7.727577449721644974e-05 -7.727577449721644974e-05 -3.320938056443052222e-04 -2.744531951133009190e-04
1.256890129232039223e-03 7.341098798510727053e-03 -1.929797838594017817e-04 -1.929797838594017817e-04 -1.929797838594017817e-04 -1.929797838594017817e-04 -3.195911961660472564e-04 -2.500816617362728537e-04
1.066958861035640369e-03 6.383623319551616666e-03 -2.757546453344638347e-04 -2.757546453344638347e-04 -2.757546453344638347e-04 -2.757546453344638347e-04 -2.993557312759323962e-04 -2.231338926743281536e-04
9.058621663951942895e-04 5.552828828040706419e-03 -3.310465009604315455e-04 -3.310465009604315455e-04 -3.310465009604315455e-04 -3.310465009604315455e-04 -2.741711738459042262e-04 -1.953584339027029612e-04
7.690805256888861956e-04 4.832641263540165752e-03 -3.637577788229647046e-04 -3.637577788229647046e-04 -3.637577788229647046e-04 -3.637577788229647046e-04 -2.462419377753474097e-04 -1.680414236619395276e-04
6.528509448516946721e-04 4.209096212305196705e-03 -3.782396998735674610e-04 -3.782396998735674610e-04 -3.782396998735674610e-04 -3.782396998735674610e-04 -2.172708839793252166e-04 -1.420872230711096222e-04
5.540507913441496558e-04 3.670111949962775750e-03 -3.783019910560103108e-04 -3.783019910560103108e-04 -3.783019910560103108e-04 -3.783019910560103108e-04 -1.885335406052285573e-04 -1.180906851901441276e-04
4.701006583590537852e-04 3.205289253950161302e-03 -3.672355482229717289e-04 -3.672355482229717289e-04 -3.672355482229717289e-04 -3.672355482229717289e-04 -1.609471154548369233e-04 -9.640066305569236775e-05
3.988841217842358108e-04 2.805737410694123229e-03 -3.478444600794092342e-04 -3.478444600794092342e-04 -3.478444600794092342e-04 -3.478444600794092342e-04 -1.351332961834033871e-04 -7.717480539105077018e-05
3.386821922559844419e-04 2.463925702687577018e-03 -3.224844144902810168e-04 -3.224844144902810168e-04 -3.224844144902810168e-04 -3.224844144902810168e-04 -1.114743300993104860e-04 -6.042601080056124473e-05
2.881202722298633798e-04 2.173559676704004285e-03 -2.931050575253860862e-04 -2.931050575253860862e-04 -2.931050575253860862e-04 -2.931050575253860862e-04 -9.016225871493491412e-05 -4.606113100774616710e-05
2.461254601787264294e-04 1.929481635642550132e-03 -2.612943625541146284e-04 -2.612943625541146284e-04 -2.612943625541146284e-04 -2.612943625541146284e-04 -7.124147003132853351e-05 -3.391265205309262833e-05
2.118920667655998678e-04 1.727595041045568809e-03 -2.283234923427622108e-04 -2.283234923427622108e-04 -2.283234923427622108e-04 -2.283234923427622108e-04 -5.464493996222861754e-05 -2.376415753143490276e-05
1.848531963412526505e-04 1.564812847001890344e-03 -1.951910035864825330e-04 -1.951910035864825330e-04 -1.951910035864825330e-04 -1.951910035864825330e-04 -4.022467784047031728e-05 -1.537040542993907869e-05
1.646561846123682836e-04 1.439030201572713595e-03 -1.626655537072690429e-04 -1.626655537072690429e-04 -1.626655537072690429e-04 -1.626655537072690429e-04 -2.777698245308891386e-05 -8.472842897915784573e-06
1.511395605437760594e-04 1.349122447879072062e-03 -1.313265277525823269e-04 -1.313265277525823269e-04 -1.313265277525823269e-04 -1.313265277525823269e-04 -1.706316566683245141e-05 -2.811351970382582691e-06
1.443090159426495072e-04 1.294969938288431958e-03 -1.016022128494338458e-04 -1.016022128494338458e-04 -1.016022128494338458e-04 -1.016022128494338458e-04 -7.826419904954974943e-06 1.867027607185553325e-06
1.443096268875568831e-04 1.277511852352970810e-03 -7.380531302982904298e-05 -7.380531302982904298e-05 -7.380531302982904298e-05 -7.380531302982904298e-05 1.944986146000123081e-07 5.801708121901852068e-06
1.513912949312720734e-04 1.298831999145548055e-03 -4.816572241000324084e-05 -4.816572241000324084e-05 -4.816572241000324084e-05 -4.816572241000324084e-05 7.254120514358968554e-06 9.213865673953225771e-06
