0.000000000000000000e+00 0.000000000000000000e+00 0.000000000000000000e+00 0.000000000000000000e+00 0.000000000000000000e+00 0.000000000000000000e+00 0.000000000000000000e+00 0.000000000000000000e+00 0.000000000000000000e+00 0.000000000000000000e+00 0.000000000000000000e+00 0.000000000000000000e+00 0.000000000000000000e+00 0.000000000000000000e+00 0.000000000000000000e+00 0.000000000000000000e+00 0.000000000000000000e+00
1.499929688620597716e-02 1.124968359701292495e-04 1.500000000000000291e-02 1.000000000000000021e-02 1.000000000000000021e-02 1.000000000000000021e-02 1.000000000000000021e-02 1.000000000000000021e-02 1.000000000000000021e-02 2.999999999999999889e-01 2.999999999999999889e-01 2.000000000000000111e-01 2.000000000000000111e-01 2.000000000000000111e-01 2.000000000000000111e-01 2.000000000000000111e-01 2.000000000000000111e-01
5.996344466324361744e-02 1.799434764665554763e-03 6.000000000000000472e-02 4.000000000000000777e-02 4.000000000000000777e-02 4.000000000000000777e-02 4.000000000000000777e-02 4.000000000000000777e-02 4.000000000000000777e-02 5.999999999999999778e-01 5.999999999999999778e-01 3.999999999999999667e-01 3.999999999999999667e-01 3.999999999999999667e-01 3.999999999999999667e-01 3.999999999999999667e-01 3.999999999999999667e-01
1.345890543352953050e-01 9.098533145658612570e-03 1.350000000000000089e-01 8.824419949489115123e-02 8.824419949489115123e-02 8.824419949489115123e-02 8.824419949489115123e-02 8.999999999999999667e-02 8.999999999999999667e-02 9.000000000000000222e-01 9.000000000000000222e-01 5.648839898978227358e-01 5.648839898978227358e-01 5.648839898978227358e-01 5.648839898978227358e-01 5.999999999999999778e-01 5.999999999999999778e-01
2.377004290065323211e-01 2.866159079589482295e-02 2.400000000000000466e-01 1.502431950288352358e-01 1.502431950288352358e-01 1.502431950288352358e-01 1.502431950288352358e-01 1.572920431321594426e-01 1.582398611610074668e-01 1.200000000000000178e+00 1.200000000000000178e+00 6.750959207810587337e-01 6.750959207810587337e-01 6.750959207810587337e-01 6.750959207810587337e-01 7.458408626431892730e-01 7.647972232201492027e-01
3.663534963844347070e-01 6.925382601551845207e-02 3.696916510580736115e-01 2.210252648171842360e-01 2.210252648171842360e-01 2.210252648171842360e-01 2.210252648171842360e-01 2.359055808861479364e-01 2.391912802644408920e-01 1.500000000000000444e+00 1.393833021161470453e+00 7.405454749859217145e-01 7.405454749859217145e-01 7.405454749859217145e-01 7.405454749859217145e-01 8.264298924365812704e-01 8.542311588485198559e-01
5.153923243693041556e-01 1.397380344240812811e-01 5.098181965596654264e-01 2.965540788542418982e-01 2.965540788542418982e-01 2.965540788542418982e-01 2.965540788542418982e-01 3.200520884918059417e-01 3.262086469160381252e-01 1.800000000000000711e+00 1.408697888870366066e+00 7.700308057552301966e-01 7.700308057552301966e-01 7.700308057552301966e-01 7.700308057552301966e-01 8.565002596765797227e-01 8.861161741834249206e-01
6.750645347762049830e-01 2.443049489067886382e-01 6.454228340932336438e-01 3.736185626259194703e-01 3.736185626259194703e-01 3.736185626259194703e-01 3.736185626259194703e-01 4.053064426375866391e-01 4.142862541381972519e-01 2.020221559366954356e+00 1.303394861800995619e+00 7.712588696783203579e-01 7.712588696783203579e-01 7.712588696783203579e-01 7.712588696783203579e-01 8.485868232390351151e-01 8.754359702597577231e-01
8.308633431605182418e-01 3.776610652466409479e-01 7.668562481785149432e-01 4.497260603191866601e-01 4.497260603191866601e-01 4.497260603191866601e-01 4.497260603191866601e-01 4.883947690374005335e-01 4.997866523506102054e-01 2.083872878111217464e+00 1.125273419904632588e+00 7.508910841870221065e-01 7.508910841870221065e-01 7.508910841870221065e-01 7.508910841870221065e-01 8.131797047572432158e-01 8.345719939885022365e-01
9.713138540368002616e-01 5.279777865084717137e-01 8.686086750619914643e-01 5.230009669441225695e-01 5.230009669441225695e-01 5.230009669441225695e-01 5.230009669441225695e-01 5.669991513832235430e-01 5.801935638890025615e-01 2.032353399484683187e+00 9.097751177648983889e-01 7.146070483116968575e-01 7.146070483116968575e-01 7.146070483116968575e-01 7.146070483116968575e-01 7.589079421592160868e-01 7.735662367793455507e-01
1.092036361777932507e+00 6.832251767699736300e-01 9.481773660837908846e-01 5.920903336875713574e-01 5.920903336875713574e-01 5.920903336875713574e-01 5.920903336875713574e-01 6.395814846610917703e-01 6.538918147942555104e-01 1.901927919583308535e+00 6.815987026710861318e-01 6.671802865572749042e-01 6.671802865572749042e-01 6.671802865572749042e-01 6.671802865572749042e-01 6.927387233981482373e-01 7.003987813257080974e-01
1.193259885662971920e+00 8.335099263857664864e-01 1.005115052460174629e+00 6.560774017555878190e-01 6.560774017555878190e-01 6.560774017555878190e-01 6.560774017555878190e-01 7.052274736407150302e-01 7.199750250971252985e-01 1.722481493067673508e+00 4.571550248565854346e-01 6.125610748030536623e-01 6.125610748030536623e-01 6.125610748030536623e-01 6.125610748030536623e-01 6.201810561943189581e-01 6.212654247316850009e-01
1.277468340449173345e+00 9.718807335740781150e-01 1.040322174714348735e+00 7.144035746084541616e-01 7.144035746084541616e-01 7.144035746084541616e-01 7.144035746084541616e-01 7.635108050225219989e-01 7.780805379070334649e-01 1.517299117303020584e+00 2.469874202268952379e-01 5.539623822542750764e-01 5.539623822542750764e-01 5.539623822542750764e-01 5.539623822542750764e-01 5.454855714418163082e-01 5.408448314664816570e-01
1.347731052128948503e+00 1.094178860785812724e+00 1.055551716543548180e+00 7.667989845763495405e-01 7.667989845763495405e-01 7.667989845763495405e-01 7.667989845763495405e-01 8.143768098649080134e-01 8.282501811820951465e-01 1.303635162300356143e+00 5.760341635709144426e-02 4.939458171036311684e-01 4.939458171036311684e-01 4.939458171036311684e-01 4.939458171036311684e-01 4.718345254059045923e-01 4.625480340347525865e-01
1.406777043803954852e+00 1.198492512226368767e+00 1.053066592189120243e+00 8.132215354767157178e-01 8.132215354767157178e-01 8.132215354767157178e-01 8.132215354767157178e-01 8.580444363282994091e-01 8.708148723486813791e-01 1.093682273618489909e+00 -1.073059034456442240e-01 4.345052009036913798e-01 4.345052009036913798e-01 4.345052009036913798e-01 4.345052009036913798e-01 4.015180038619236003e-01 3.887457892969717888e-01
1.456639534896701393e+00 1.284555288139090479e+00 1.035396840503775895e+00 8.538040967665098124e-01 8.538040967665098124e-01 8.538040967665098124e-01 8.538040967665098124e-01 8.949250309080221122e-01 9.063007319046838539e-01 8.956237084846984109e-01 -2.460891302612511211e-01 3.771460248921910119e-01 3.771460248921910119e-01 3.771460248921910119e-01 3.771460248921910119e-01 3.360938877325302387e-01 3.209714018230759858e-01
1.498651943905016104e+00 1.353231315536440604e+00 1.005161420676651485e+00 8.888093764685092157e-01 8.888093764685092157e-01 8.888093764685092157e-01 8.888093764685092157e-01 9.255562434374118297e-01 9.353542133868902875e-01 7.145856527389945478e-01 -3.586192662812368037e-01 3.229595691477989416e-01 3.229595691477989416e-01 3.229595691477989416e-01 3.229595691477989416e-01 2.765303628552652215e-01 2.600982278210536291e-01
1.533615172732568643e+00 1.406114345698872947e+00 9.649348116505294115e-01 9.185919000132439782e-01 9.185919000132439782e-01 9.185919000132439782e-01 9.185919000132439782e-01 9.505492962399730850e-01 9.586837374958403490e-01 5.534175962298150120e-01 -4.459129142412052715e-01 2.726909017468960861e-01 2.726909017468960861e-01 2.726909017468960861e-01 2.726909017468960861e-01 2.233306931959622155e-01 2.064922543579484349e-01
1.562013751566179165e+00 1.445222255814562651e+00 9.171483900045341864e-01 9.435664615822418888e-01 9.435664615822418888e-01 9.435664615822418888e-01 9.435664615822418888e-01 9.705478644712539626e-01 9.770153993365212619e-01 4.132980406777978510e-01 -5.098155186786970106e-01 2.268003296330647622e-01 2.268003296330647622e-01 2.268003296330647622e-01 2.268003296330647622e-01 1.766406714296545333e-01 1.601409824556709882e-01
1.584209448288363076e+00 1.472761781739606590e+00 8.640213218002998907e-01 9.641823858277546178e-01 9.641823858277546178e-01 9.641823858277546178e-01 9.641823858277546178e-01 9.861968807521187541e-01 9.910604682246975106e-01 2.941946992930210558e-01 -5.527258454059862380e-01 1.855181552771891507e-01 1.855181552771891507e-01 1.855181552771891507e-01 1.855181552771891507e-01 1.363396541876436274e-01 1.207603953078522224e-01
1.600579075096163262e+00 1.490946522226267890e+00 8.075172640108118083e-01 9.809029342265472851e-01 9.809029342265472851e-01 9.809029342265472851e-01 9.809029342265472851e-01 9.981196843767859983e-01 1.001492594114886447e+00 1.952156299027117681e-01 -5.773553103837761880e-01 1.488928126986605316e-01 1.488928126986605316e-01 1.488928126986605316e-01 1.488928126986605316e-01 1.021164183057011177e-01 8.788212249592348979e-02
1.611589192798386971e+00 1.501860416916952934e+00 7.493231975627119290e-01 9.941892059550514471e-01 9.941892059550514471e-01 9.941892059550514471e-01 9.941892059550514471e-01 1.006902068882557177e+00 1.008932853636695270e+00 1.148824302223010047e-01 -5.865260185782218416e-01 1.168326218714221681e-01 1.168326218714221681e-01 1.168326218714221681e-01 1.168326218714221681e-01 7.353127180972045263e-02 6.092306794025042355e-02
1.617816204896335153e+00 1.507363719009231717e+00 6.908463239694396796e-01 1.004487913057937387e+00 1.004487913057937387e+00 1.004487913057937387e+00 1.004487913057937387e+00 1.013081929855423668e+00 1.013940996837317865e+00 5.134723385171671706e-02 -5.830114532872237021e-01 8.914152018629362129e-02 8.914152018629362129e-02 8.914152018629362129e-02 8.914152018629362129e-02 5.006594764760745331e-02 3.923979607220373644e-02
1.619927908399449779e+00 1.509038826971615954e+00 6.332247307393827906e-01 1.012222449618820130e+00 1.012222449618820130e+00 1.012222449618820130e+00 1.012222449618820130e+00 1.017143368425829530e+00 1.017011481788411942e+00 2.566603671438806664e-03 -5.694204113139129664e-01 6.554921103135867566e-02 6.554921103135867566e-02 6.554921103135867566e-02 6.554921103135867566e-02 3.116282376051037264e-02 2.216990294968236228e-02
1.618643970994974257e+00 1.508171226547930788e+00 5.773476601696629906e-01 1.017786721145472306e+00 1.017786721145472306e+00 1.017786721145472306e+00 1.017786721145472306e+00 1.019514258143753516e+00 1.018573100232095019e+00 -3.356052893868554515e-02 -5.481210000804831450e-01 4.573621950168420269e-02 4.573621950168420269e-02 4.573621950168420269e-02 4.573621950168420269e-02 1.625497059796715549e-02 9.062465923978576393e-03
1.614690228647685855e+00 1.505758385129617904e+00 5.238816717457017713e-01 1.021541250611964102e+00 1.021541250611964102e+00 1.021541250611964102e+00 1.021541250611964102e+00 1.020566428859611463e+00 1.018991198050012370e+00 -5.908685144018892971e-02 -5.211987683987417963e-01 2.935436982815199658e-02 2.935436982815199658e-02 2.935436982815199658e-02 2.935436982815199658e-02 4.788443719188878456e-03 -7.005095656267682803e-04
1.608757239314718923e+00 1.502538084878348279e+00 4.732996462167691765e-01 1.023811129286133603e+00 1.023811129286133603e+00 1.023811129286133603e+00 1.023811129286133603e+00 1.020617757476462550e+00 1.018571676271143867e+00 -7.593958199712660950e-02 -4.904417421799091015e-01 1.604320365523953518e-02 1.604320365523953518e-02 1.604320365523953518e-02 1.604320365523953518e-02 -3.761871382165459833e-03 -7.689926011746852329e-03
1.601468847502175663e+00 1.499027771742817983e+00 4.259103044848266406e-01 1.024885431839981820e+00 1.024885431839981820e+00 1.024885431839981820e+00 1.024885431839981820e+00 1.019935579831825034e+00 1.017566119946230696e+00 -8.586916822774653957e-02 -4.573450924589417266e-01 5.442847421727214571e-03 5.442847421727214571e-03 5.442847421727214571e-03 5.442847421727214571e-03 -9.881681510585717601e-03 -1.242120048651563884e-02
1.593362643371995402e+00 1.495567760096342402e+00 3.818866021765380814e-01 1.025017764949050614e+00 1.025017764949050614e+00 1.025017764949050614e+00 1.025017764949050614e+00 1.018740949357340053e+00 1.016177543099824776e+00 -9.042011074145718530e-02 -4.231289537068313455e-01 -2.796185240350659591e-03 -2.796185240350659591e-03 -2.796185240350659591e-03 -2.796185240350659591e-03 -1.401092797911463253e-02 -1.535033644160224871e-02
1.584881562063118032e+00 1.492363016027537626e+00 3.412919491272508044e-01 1.024427665654955133e+00 1.024427665654955133e+00 1.024427665654955133e+00 1.024427665654955133e+00 1.017213366159777310e+00 1.014566358616416197e+00 -9.091982003936766032e-02 -3.887641072789143060e-01 -9.005800641560033834e-03 -9.005800641560033834e-03 -9.005800641560033834e-03 -9.005800641560033834e-03 -1.654073597213739227e-02 -1.687335322656896563e-02
1.576374441243329816e+00 1.489520216813269515e+00 3.041036676463598210e-01 1.023302609518430328e+00 1.023302609518430328e+00 1.023302609518430328e+00 1.023302609518430328e+00 1.015495684948561461e+00 1.012856283445374261e+00 -8.848129532238244166e-02 -3.550015223389041408e-01 -1.349532208893302818e-02 -1.349532208893302818e-02 -1.349532208893302818e-02 -1.349532208893302818e-02 -1.781288825218035193e-02 -1.732815019427754247e-02
1.568102874863154028e+00 1.487078489069082909e+00 2.702334461888418748e-01 1.021800428605343036e+00 1.021800428605343036e+00 1.021800428605343036e+00 1.021800428605343036e+00 1.013698982396794790e+00 1.011139973450425389e+00 -8.401562772705853388e-02 -3.224029068114540042e-01 -1.654829617281030132e-02 -1.654829617281030132e-02 -1.654829617281030132e-02 -1.654829617281030132e-02 -1.812116278314705037e-02 -1.699804970470004950e-02
1.560251836156594019e+00 1.485033495784827462e+00 2.395447821504328167e-01 1.020051975405470213e+00 1.020051975405470213e+00 1.020051975405470213e+00 1.020051975405470213e+00 1.011907224939215588e+00 1.009484250349340195e+00 -7.825080149187872702e-02 -2.913703739567272688e-01 -1.842076782464948520e-02 -1.842076782464948520e-02 -1.842076782464948520e-02 -1.842076782464948520e-02 -1.771398636843157792e-02 -1.611641231700293442e-02
1.552941996410902581e+00 1.483355355119541530e+00 2.118675605007791507e-01 1.018163900825186818e+00 1.018163900825186818e+00 1.018163900825186818e+00 1.018163900825186818e+00 1.010181627731014720e+00 1.007934837357418845e+00 -7.175388370399039817e-02 -2.621740590363463297e-01 -1.934072378102304895e-02 -1.934072378102304895e-02 -1.934072378102304895e-02 -1.934072378102304895e-02 -1.679795779558874991e-02 -1.487184752142990500e-02
1.546242221768332703e+00 1.482001301226731238e+00 1.870100051470170721e-01 1.016221442487003079e+00 1.016221442487003079e+00 1.016221442487003079e+00 1.016221442487003079e+00 1.008564635656536090e+00 1.006520562236390415e+00 -6.495435328824815391e-02 -2.349770480388957139e-01 -1.950844298264800547e-02 -1.950844298264800547e-02 -1.950844298264800547e-02 -1.950844298264800547e-02 -1.554188369398977823e-02 -1.341365489913710213e-02
1.540181256598387449e+00 1.480924143063441001e+00 1.647682854933818219e-01 1.014291143870965639e+00 1.014291143870965639e+00 1.014291143870965639e+00 1.014291143870965639e+00 1.007083489053994807e+00 1.005257018261752844e+00 -5.816694582657169765e-02 -2.098573450338097890e-01 -1.909752933810155220e-02 -1.909752933810155220e-02 -1.909752933810155220e-02 -1.909752933810155220e-02 -1.408104835683760166e-02 -1.185722459361675425e-02
1.534758034899033285e+00 1.480077543166966603e+00 1.449340759303368864e-01 1.012423445571923875e+00 1.012423445571923875e+00 1.012423445571923875e+00 1.012423445571923875e+00 1.005753361357764497e+00 1.004149696841884820e+00 -5.161293578681329375e-02 -1.868268462270889496e-01 -1.825643664272807304e-02 -1.825643664272807304e-02 -1.825643664272807304e-02 -1.825643664272807304e-02 -1.252150556776744639e-02 -1.028920380373988912e-02
1.529950382505616213e+00 1.479419007760440774e+00 1.273003615437974245e-01 1.010655107393948038e+00 1.010655107393948038e+00 1.010655107393948038e+00 1.010655107393948038e+00 1.004580074244356913e+00 1.003196621688460688e+00 -4.543922079636859845e-02 -1.658474415037006211e-01 -1.711032691678827586e-02 -1.711032691678827586e-02 -1.711032691678827586e-02 -1.711032691678827586e-02 -1.094423670039280233e-02 -8.772299264745344466e-03
1.525722090252999541e+00 1.478911311190602706e+00 1.116657667230421258e-01 1.009011434456716039e+00 1.009011434456716039e+00 1.009011434456716039e+00 1.009011434456716039e+00 1.003562409114157061e+00 1.002390524921665582e+00 -3.973491137878806811e-02 -1.468444549114048814e-01 -1.576313182785211986e-02 -1.576313182785211986e-02 -1.576313182785211986e-02 -1.576313182785211986e-02 -9.409065903608439252e-03 -7.349636071156683513e-03
1.522028470833292735e+00 1.478522908494127153e+00 9.783765978779392081e-02 1.007508292258609162e+00 1.007508292258609162e+00 1.007508292258609162e+00 1.007508292258609162e+00 1.002694042767703797e+00 1.001720611496847546e+00 -3.454537324817230637e-02 -1.297176837935591076e-01 -1.429971213428356605e-02 -1.429971213428356605e-02 -1.429971213428356605e-02 -1.429971213428356605e-02 -7.958261025455567669e-03 -6.048632425203401101e-03
1.518820581727745367e+00 1.478227739652724360e+00 8.563425979844462022e-02 1.006153905038258634e+00 1.006153905038258634e+00 1.006153905038258634e+00 1.006153905038258634e+00 1.001965140762248296e+00 1.001173960894679693e+00 -2.988383272411639438e-02 -1.143503159934271818e-01 -1.278803227272355680e-02 -1.278803227272355680e-02 -1.278803227272355680e-02 -1.278803227272355680e-02 -6.619779083647142279e-03 -4.884379618151558043e-03
1.516048323030399825e+00 1.478004705949056197e+00 7.488594373021874306e-02 1.004950439103070359e+00 1.004950439103070359e+00 1.004950439103070359e+00 1.004950439103070359e+00 1.001363644879303960e+00 1.000736614997883356e+00 -2.574075567855818245e-02 -1.006160053710906943e-01 -1.128128643104082778e-02 -1.128128643104082778e-02 -1.128128643104082778e-02 -1.128128643104082778e-02 -5.410138575235959660e-03 -3.862538317775389331e-03
1.513662618077147304e+00 1.477837003739434385e+00 6.543592473810849741e-02 1.003895378337941846e+00 1.003895378337941846e+00 1.003895378337941846e+00 1.003895378337941846e+00 1.000876292015270508e+00 1.000394399209144414e+00 -2.209126245645974540e-02 -8.838437447111401057e-02 -9.819928871525199568e-03 -9.819928871525199568e-03 -9.819928871525199568e-03 -9.819928871525199568e-03 -4.336918705428102587e-03 -2.981777456993001292e-03
1.511616868238899514e+00 1.477711431082017191e+00 5.714044630428483790e-02 1.002982703139076115e+00 1.002982703139076115e+00 1.002982703139076115e+00 1.002982703139076115e+00 1.000489401149140534e+00 1.000133520738261783e+00 -1.890085915341380846e-02 -7.752519420535916583e-02 -8.433575105786570922e-03 -8.433575105786570922e-03 -8.433575105786570922e-03 -8.433575105786570922e-03 -3.400898617181561789e-03 -2.235791960659022377e-03
1.509867849080736457e+00 1.477617733592302196e+00 4.986861323683491193e-02 1.002203886783609166e+00 1.002203886783609166e+00 1.002203886783609166e+00 1.002203886783609166e+00 1.000189463280678481e+00 9.999409840743128663e-01 -1.612976066642692399e-02 -6.791146714363928416e-02 -7.142752003552646500e-03 -7.142752003552646500e-03 -7.142752003552646500e-03 -7.142752003552646500e-03 -2.597858752062320170e-03 -1.614941318320837517e-03
1.508376188519132466e+00 1.477548022981807430e+00 4.350195909196410970e-02 1.001548724969260729e+00 1.001548724969260729e+00 1.001548724969260729e+00 1.001548724969260729e+00 9.999635667272802619e-01 9.998048593301338549e-01 -1.373606171047540500e-02 -5.942161575377667704e-02 -5.960484283414516082e-03 -5.960484283414516082e-03 -5.960484283414516082e-03 -5.960484283414516082e-03 -1.920072315900214722e-03 -1.107553565257430109e-03
1.507106541731541460e+00 1.477496280751681157e+00 3.793383073730120097e-02 1.001006015138743210e+00 1.001006015138743210e+00 1.001006015138743210e+00 1.001006015138743210e+00 9.997996872055773254e-01 9.997144346828481520e-01 -1.167798490934197041e-02 -5.194095133948145593e-02 -4.893712326935144470e-03 -4.893712326935144470e-03 -4.893712326935144470e-03 -4.893712326935144470e-03 -1.357518118158865771e-03 -7.009393804519989304e-04
1.506027554061281526e+00 1.477457946967013269e+00 3.306865443910875918e-02 1.000564102416641843e+00 1.000564102416641843e+00 1.000564102416641843e+00 1.000564102416641843e+00 9.996868689310868250e-01 9.996602797428087994e-01 -9.915404646596525512e-03 -4.536257462436717180e-02 -3.944542115089762907e-03 -3.944542115089762907e-03 -3.944542115089762907e-03 -3.944542115089762907e-03 -8.988473716497308828e-04 -3.821594203382550591e-04
1.505111682760428504e+00 1.477429587211212647e+00 2.882113392395583423e-02 1.000211308684210820e+00 1.000211308684210820e+00 1.000211308684210820e+00 1.000211308684210820e+00 9.996153197192508832e-01 9.996342425102934248e-01 -8.410814642289741322e-03 -3.958783567869129938e-02 -3.111332533536838914e-03 -3.111332533536838914e-03 -3.111332533536838914e-03 -3.111332533536838914e-03 -5.321368650698593897e-04 -1.385852299704940524e-04
1.504334931298487721e+00 1.477408627698061583e+00 2.511541915767423472e-02 9.999362606304358358e-01 9.999362606304358358e-01 9.999362606304358358e-01 9.999362606304358358e-01 9.995764398928941308e-01 9.996293987213913379e-01 -7.129878121415435081e-03 -3.452645964694074643e-02 -2.389628541965109921e-03 -2.389628541965109921e-03 -2.389628541965109921e-03 -2.389628541965109921e-03 -2.454596620624008426e-04 4.170945192761644008e-05
1.503676535983366147e+00 1.477393147670190698e+00 2.188427488768560775e-02 9.997281316559859521e-01 9.997281316559859521e-01 9.997281316559859521e-01 9.997281316559859521e-01 9.995628017861571957e-01 9.996399688993216071e-01 -6.041673060368241664e-03 -3.009642575283178259e-02 -1.772950947032091119e-03 -1.772950947032091119e-03 -1.772950947032091119e-03 -1.772950947032091119e-03 -2.730247267843897578e-05 1.696941066771908628e-04
1.503118633475823751e+00 1.477381718659149579e+00 1.906827007945211330e-02 9.995768113619232231e-01 9.995768113619232231e-01 9.995768113619232231e-01 9.995768113619232231e-01 9.995680938446356301e-01 9.996612153422137492e-01 -5.118721860002379762e-03 -2.622367041183812017e-02 -1.253454934220561787e-03 -1.253454934220561787e-03 -1.253454934220561787e-03 -1.253454934220561787e-03 1.331436422463314843e-04 2.552347511660914758e-04
1.502645929044348128e+00 1.477373281283579809e+00 1.661500301243945543e-02 9.994730151022875875e-01 9.994730151022875875e-01 9.994730151022875875e-01 9.994730151022875875e-01 9.995870407927996970e-01 9.996893285975653187e-01 -4.336875032296349207e-03 -2.284167092841500254e-02 -8.224702584919525109e-04 -8.224702584919525109e-04 -8.224702584919525109e-04 -8.224702584919525109e-04 2.457953210373831337e-04 3.070303558687432393e-04
1.502245378711260626e+00 1.477367051618191374e+00 1.447837176243666445e-02 9.994083447790923502e-01 9.994083447790923502e-01 9.994083447790923502e-01 9.994083447790923502e-01 9.996153090906695349e-01 9.997213106850328934e-01 -3.675101987296743554e-03 -1.989095407164083451e-02 -4.709362054100313020e-04 -4.709362054100313020e-04 -4.709362054100313020e-04 -4.709362054100313020e-04 3.195706363626054920e-04 3.326113934814086065e-04
1.501905893413757687e+00 1.477362450542212713e+00 1.261789587722401788e-02 9.993753107571291538e-01 9.993753107571291538e-01 9.993753107571291538e-01 9.993753107571291538e-01 9.996494049355433287e-01 9.997548604093036140e-01 -3.115228506202145139e-03 -1.731856363261208981e-02 -1.897442338508790278e-04 -1.897442338508790278e-04 -1.897442338508790278e-04 -1.897442338508790278e-04 3.623462611151746652e-04 3.383830919303581716e-04
1.501618069616304174e+00 1.477359050745583380e+00 1.099809206238308579e-02 9.993673235103475161e-01 9.993673235103475161e-01 9.993673235103475161e-01 9.993673235103475161e-01 9.996865703738736508e-01 9.997882645226123799e-01 -2.641649647770006291e-03 -1.507751266420654865e-02 2.999929821998808730e-05 2.999929821998808730e-05 2.999929821998808730e-05 2.999929821998808730e-05 3.809625054891921055e-04 3.296991742412056945e-04
1.501373948179526296e+00 1.477356537177245466e+00 9.587904465563908130e-03 9.993786624079976644e-01 9.993786624079976644e-01 9.993786624079976644e-01 9.993786624079976644e-01 9.997246816581137896e-01 9.998202972169613068e-01 -2.241038294095708608e-03 -1.312623927217705135e-02 1.967786547858947947e-04 1.967786547858947947e-04 1.967786547858947947e-04 1.967786547858947947e-04 3.812631793124165438e-04 3.109547127410087954e-04
1.501166801477220591e+00 1.477354677646658399e+00 8.360188534403126953e-03 9.994044279257281449e-01 9.994044279257281449e-01 9.994044279257281449e-01 9.994044279257281449e-01 9.997621527934235086e-01 9.998501294126386219e-01 -1.902062937876352472e-03 -1.142807935103852188e-02 3.185316998207737491e-04 3.185316998207737491e-04 3.185316998207737491e-04 3.185316998207737491e-04 3.681595268820072177e-04 2.856892008040265050e-04
1.500990947561266831e+00 1.477353301044481482e+00 7.291246300127819657e-03 9.994404825363245592e-01 9.994404825363245592e-01 9.994404825363245592e-01 9.994404825363245592e-01 9.997978462464457428e-01 9.998772485257736431e-01 -1.615123309595949998e-03 -9.950765334467634449e-03 4.025605121063446836e-04 4.025605121063446836e-04 4.025605121063446836e-04 4.025605121063446836e-04 3.457095335613137089e-04 2.566930618955193667e-04
1.500841589445833568e+00 1.477352281249919352e+00 6.360410199920794698e-03 9.994833846033025493e-01 9.994833846033025493e-01 9.994833846033025493e-01 9.994833846033025493e-01 9.998309920084967883e-01 9.999013888085610535e-01 -1.372108736638030010e-03 -8.665956669672873411e-03 4.554808274552002477e-04 4.554808274552002477e-04 4.554808274552002477e-04 4.554808274552002477e-04 3.172057074627477637e-04 2.261125938531946121e-04
1.500714677191458790e+00 1.477351525263532750e+00 5.549672108469680572e-03 9.995303187703413750e-01 9.995303187703413750e-01 9.995303187703413750e-01 9.995303187703413750e-01 9.998611155938379458e-01 9.999224719289522278e-01 -1.166181452629530069e-03 -7.548805159349398705e-03 4.832025133226938805e-04 4.832025133226938805e-04 4.832025133226938805e-04 4.832025133226938805e-04 2.852659993601460017e-04 1.955498139728593238e-04
1.500606790318125050e+00 1.477350964468487682e+00 4.843354030763340028e-03 9.995790256094925219e-01 9.995790256094925219e-01 9.995790256094925219e-01 9.995790256094925219e-01 9.998879750863441940e-01 9.999405571626149847e-01 -9.915852089876096755e-04 -6.577556394777386156e-03 4.909342696992815159e-04 4.909342696992815159e-04 4.909342696992815159e-04 4.909342696992815159e-04 2.519238507656759328e-04 1.661548592817738634e-04
1.500515038088714670e+00 1.477350548201460168e+00 4.227816855972568559e-03 9.996277326575899735e-01 9.996277326575899735e-01 9.996277326575899735e-01 9.996277326575899735e-01 9.999115070023926188e-01 9.999558003825675945e-01 -8.434782936794485344e-04 -5.733187101038036276e-03 4.832066922495598343e-04 4.832066922495598343e-04 4.832066922495598343e-04 4.832066922495598343e-04 2.187144702012454322e-04 1.387095397704437715e-04
1.500436975323195421e+00 1.477350239025030820e+00 3.691203639861319417e-03 9.996750884278957638e-01 9.996750884278957638e-01 9.996750884278957638e-01 9.996750884278957638e-01 9.999317804934318987e-01 9.999684209282360126e-01 -7.177892807562446771e-04 -4.999077221186963051e-03 4.639087138636197104e-04 4.639087138636197104e-04 4.639087138636197104e-04 4.639087138636197104e-04 1.867553505846407012e-04 1.137013735968164617e-04
1.500370531587330136e+00 1.477350009251602314e+00 3.223214034340381087e-03 9.997201005260555329e-01 9.997201005260555329e-01 9.997201005260555329e-01 9.997201005260555329e-01 9.999489592498339574e-01 9.999786753961323882e-01 -6.110933946526804885e-04 -4.360714889231800950e-03 4.363332493301732727e-04 4.363332493301732727e-04 4.363332493301732727e-04 4.363332493301732727e-04 1.568197774570474616e-04 9.138798432938363822e-05
1.500313951817087155e+00 1.477349838386932568e+00 2.814906689557404064e-03 9.997620786184837627e-01 9.997620786184837627e-01 9.997620786184837627e-01 9.997620786184837627e-01 9.999632703717105109e-01 9.999868374023956896e-01 -5.205071780131612005e-04 -3.805432006427730829e-03 4.032285992341300856e-04 4.032285992341300856e-04 4.032285992341300856e-04 4.032285992341300856e-04 1.294026600724570118e-04 7.185214093911332855e-05
1.500265746669829037e+00 1.477349711249049902e+00 2.458526695232331714e-03 9.998005826895131065e-01 9.998005826895131065e-01 9.998005826895131065e-01 9.998005826895131065e-01 9.999749794280288206e-01 9.999931824093711841e-01 -4.435991254442725159e-04 -3.322167880073714427e-03 3.668528213518336368e-04 3.668528213518336368e-04 3.668528213518336368e-04 3.668528213518336368e-04 1.047784662949222627e-04 5.504799857291937714e-05
1.500224651121209618e+00 1.477349616583113034e+00 2.147355388286485527e-03 9.998353767731490427e-01 9.998353767731490427e-01 9.998353767731490427e-01 9.998353767731490427e-01 9.999843709202383968e-01 9.999979767731131952e-01 -3.783140309591029944e-04 -2.901258258843194150e-03 3.290288513644768365e-04 3.290288513644768365e-04 3.290288513644768365e-04 3.290288513644768365e-04 8.305137789698973023e-05 4.083927626580842034e-05
1.500189590043144561e+00 1.477349546040540584e+00 1.875580122151980110e-03 9.998663881483301763e-01 9.998663881483301763e-01 9.998663881483301763e-01 9.998663881483301763e-01 9.999917333903249883e-01 1.000001470247313895e+00 -3.229089518246880289e-04 -2.534247063846916358e-03 2.911986522588757621e-04 2.911986522588757621e-04 2.911986522588757621e-04 2.911986522588757621e-04 6.419802383646686908e-05 2.903020774679400555e-05
1.500159649697554665e+00 1.477349493425834437e+00 1.638181862037039246e-03 9.998936718358147901e-01 9.998936718358147901e-01 9.998936718358147901e-01 9.998936718358147901e-01 9.999973484571315074e-01 1.000003891264773070e+00 -2.758988859887827262e-04 -2.213718138451900054e-03 2.544750974365785458e-04 2.544750974365785458e-04 2.544750974365785458e-04 2.544750974365785458e-04 4.810331229098316320e-05 1.939014144122477284e-05
1.500134054259759875e+00 1.477349454140264529e+00 1.430838735245319737e-03 9.999173801232580372e-01 9.999173801232580372e-01 9.999173801232580372e-01 9.999173801232580372e-01 1.000001483121879975e+00 1.000005444404890254e+00 -2.360104738103591506e-04 -1.933144397382487731e-03 2.196906514286376007e-04 2.196906514286376007e-04 2.196906514286376007e-04 2.196906514286376007e-04 3.458998267264282584e-05 1.167266090211969752e-05
1.500112146643057143e+00 1.477349424770461939e+00 1.249843924020509027e-03 9.999377367663285776e-01 9.999377367663285776e-01 9.999377367663285776e-01 9.999377367663285776e-01 1.000004384748496955e+00 1.000006309540926397e+00 -2.021422545847607064e-04 -1.686751827113729943e-03 1.874422099796094502e-04 1.874422099796094502e-04 1.874422099796094502e-04 1.874422099796094502e-04 2.344254966271177996e-05 5.630059822063573045e-06
1.500093373031854194e+00 1.477349402783790122e+00 1.092036539692656022e-03 9.999550154620387987e-01 9.999550154620387987e-01 9.999550154620387987e-01 9.999550154620387987e-01 1.000006278192169473e+00 1.000006642241253685e+00 -1.733302273617743413e-04 -1.469395859443329731e-03 1.581317042270708308e-04 1.581317042270708308e-04 1.581317042270708308e-04 1.581317042270708308e-04 1.442632379121828956e-05 1.023946721288956420e-06
1.500077270644866179e+00 1.477349386302486911e+00 9.547443619265358252e-04 9.999695221606487161e-01 9.999695221606487161e-01 9.999695221606487161e-01 9.999695221606487161e-01 1.000007364617198524e+00 1.000006575072665660e+00 -1.487176813439016875e-04 -1.276447695879074414e-03 1.320022679716593896e-04 1.320022679716593896e-04 1.320022679716593896e-04 1.320022679716593896e-04 7.302176788085437056e-06 -2.367318484020306667e-06
1.500063458342610234e+00 1.477349373936015731e+00 8.357375675438562289e-04 9.999815807699841130e-01 9.999815807699841130e-01 9.999815807699841130e-01 9.999815807699841130e-01 1.000007821610177317e+00 1.000006219520029660e+00 -1.275284746673416899e-04 -1.103688191774517512e-03 1.091699187373831658e-04 1.091699187373831658e-04 1.091699187373831658e-04 1.091699187373831658e-04 1.837682791862574878e-06 -4.743734237163797112e-06
1.500051629764770356e+00 1.477349364656534547e+00 7.331928126014139154e-04 9.999915218068399225e-01 9.999915218068399225e-01 9.999915218068399225e-01 9.999915218068399225e-01 1.000007804255067301e+00 1.000005668294579042e+00 -1.090431550332164411e-04 -9.472069070743285423e-04 8.965081837873493421e-05 8.965081837873493421e-05 8.965081837873493421e-05 8.965081837873493421e-05 -2.184784992184456680e-06 -6.280774780157705319e-06
1.500041548732589103e+00 1.477349357706446265e+00 6.456672729018445109e-04 9.999996735609092413e-01 9.999996735609092413e-01 9.999996735609092413e-01 9.999996735609092413e-01 1.000007446891655771e+00 1.000004997852886213e+00 -9.257753657197960191e-05 -8.033038869170573779e-04 7.338426300800803264e-05 7.338426300800803264e-05 7.338426300800803264e-05 7.338426300800803264e-05 -4.962483237493347981e-06 -7.128059069949282591e-06
1.500033046678312276e+00 1.477349352530048732e+00 5.720824964495340587e-04 1.000006355354571053e+00 1.000006355354571053e+00 1.000006355354571053e+00 1.000006355354571053e+00 1.000006865327503602e+00 1.000004270990219268e+00 -7.746358051760199326e-05 -6.683916421291501500e-04 6.025161023274980536e-05 6.025161023274980536e-05 6.025161023274980536e-05 6.025161023274980536e-05 -6.668799804176594647e-06 -7.409194266987540775e-06
1.500026021866372572e+00 1.477349348723621780e+00 5.117181819280611395e-04 1.000011872504529942e+00 1.000011872504529942e+00 1.000011872504529942e+00 1.000011872504529942e+00 1.000006159315423471e+00 1.000003539405930564e+00 -6.303267892333702627e-05 -5.388946483003069325e-04 5.009138894780642892e-05 5.009138894780642892e-05 5.009138894780642892e-05 5.009138894780642892e-05 -7.451441794672092819e-06 -7.222491506268986523e-06
1.500020440147279643e+00 1.477349346000155217e+00 4.642162763597952797e-04 1.000016512616859643e+00 1.000016512616859643e+00 1.000016512616859643e+00 1.000016512616859643e+00 1.000005415143737197e+00 1.000002846165320314e+00 -4.860171623458133254e-05 -4.111434630650097756e-04 4.271085764482352327e-05 4.271085764482352327e-05 4.271085764482352327e-05 4.271085764482352327e-05 -7.431991933212091561e-06 -6.642320694078800977e-06
