2.999999999968125941e+00 2.999999999870318845e+00 1.999999999999489519e+00 1.999999999993767874e+00 1.999999999991431299e+00 1.999999999986857846e+00 2.000000000003229861e+00 1.999999999999523936e+00
2.999999999967851494e+00 2.999999999883977253e+00 2.000000000001231015e+00 1.999999999994781730e+00 1.999999999992144506e+00 1.999999999986984855e+00 2.000000000001512124e+00 1.999999999993005817e+00
2.999999999967892350e+00 2.999999999897244862e+00 1.646874484520177928e+00 1.646882044991827998e+00 1.646884932030205029e+00 1.646890504626018270e+00 1.999999999999555911e+00 1.999999999986043830e+00
2.999999999968413711e+00 2.999999999909948034e+00 1.100109456109367834e+00 1.100116090119587886e+00 1.100118624699361281e+00 1.100123517460086298e+00 1.454471758769753320e+00 1.643454641265527316e+00
2.999999999969579001e+00 2.384261946233929397e+00 6.527277998469781517e-01 6.527336338754597955e-01 6.527358635673552456e-01 6.527401680012689944e-01 8.025299180648004516e-01 8.904827502477832279e-01
2.999999999971536990e+00 3.475900152711299262e-01 2.934830403853589398e-01 2.934881280409061821e-01 2.934900731622987480e-01 2.934938284300338540e-01 2.982060166971765014e-01 3.160335374654692497e-01
2.016976093443205276e+00 -1.007064029916223680e+00 1.137934982249397264e-02 1.138375458184539245e-02 1.138543933298203151e-02 1.138869213672518213e-02 -8.066706788770590386e-02 -1.084499832797449631e-01
6.481357802446747751e-01 -1.823996021223952768e+00 -2.041009344572992656e-01 -2.040971574196516758e-01 -2.040957119939758591e-01 -2.040929210377135095e-01 -3.546626819199742986e-01 -4.091575885135343982e-01
-4.044849890007521376e-01 -2.248940487655363363e+00 -3.628126098367098762e-01 -3.628094126520798324e-01 -3.628081883195507507e-01 -3.628058240351172414e-01 -5.424717985621595462e-01 -6.095866802542625473e-01
-1.158980177442051618e+00 -2.402920440202753305e+00 -4.738435730177437688e-01 -4.738409087704478218e-01 -4.738398876454256725e-01 -4.738379155197665615e-01 -6.607579534600653837e-01 -7.304109000241205685e-01
-1.653017135804163429e+00 -2.376038389046344790e+00 -5.454425253206328650e-01 -5.454403475769099563e-01 -5.454395119457480234e-01 -5.454378977933611594e-01 -7.241218169609003885e-01 -7.894925803632151240e-01
-1.934691677956206224e+00 -2.231726953132131541e+00 -5.849886174003580130e-01 -5.849868821408940045e-01 -5.849862152030013140e-01 -5.849849265975990420e-01 -7.451474233325960927e-01 -8.019983843339792973e-01
-2.052959859073232085e+00 -2.014062475016348941e+00 -5.989954583427160584e-01 -5.989941238565811288e-01 -5.989936096827189749e-01 -5.989926158760798813e-01 -7.345063002948494235e-01 -7.805844705358635505e-01
-2.051505647605469829e+00 -1.754265652638159256e+00 -5.931364437881743168e-01 -5.931354712126644113e-01 -5.931350949509403003e-01 -5.931343672703101033e-01 -7.011002775971550971e-01 -7.356245957840169547e-01
-1.966232763869181666e+00 -1.475187257031602694e+00 -5.722869567212425235e-01 -5.722863098925744518e-01 -5.722860577095956192e-01 -5.722855694435121654e-01 -6.522275813416822388e-01 -6.754604106237876993e-01
-1.825216318468941168e+00 -1.193949433685874251e+00 -5.405793902599691503e-01 -5.405790362721739628e-01 -5.405788955662346185e-01 -5.405786223758217712e-01 -5.937601381790996724e-01 -6.066581965591918424e-01
-1.649845662394362034e+00 -9.233503258211169795e-01 -5.014667551884780528e-01 -5.014666645674491496e-01 -5.014666240357632532e-01 -5.014665440847103639e-01 -5.303228960357240229e-01 -5.342605203872838882e-01
-1.456269915149933425e+00 -6.726033110548050864e-01 -4.577864715822806962e-01 -4.577866182852834420e-01 -4.577866679223352442e-01 -4.577867618735068644e-01 -4.654683424294748240e-01 -4.620246743304466386e-01
-1.256669229760297712e+00 -4.478128333152775475e-01 -4.118286578344388382e-01 -4.118290193519116293e-01 -4.118291504923017321e-01 -4.118294015915062722e-01 -4.018414534725041065e-01 -3.926426304421980484e-01
-1.060195632467423099e+00 -2.523986156658431512e-01 -3.654029708929826259e-01 -3.654035279008825965e-01 -3.654037330902276670e-01 -3.654041269185327456e-01 -3.413318506462150181e-01 -3.279393297600853852e-01
-8.736015863792444547e-01 -8.754878070615804142e-02 -3.199025556409373916e-01 -3.199032917010947719e-01 -3.199035645864239941e-01 -3.199040888505454427e-01 -2.852113419009235096e-01 -2.690479404277116293e-01
-7.016509316304889721e-01 4.729607335035764665e-02 -2.763643653085612328e-01 -2.763652664127727587e-01 -2.763656015745670214e-01 -2.763662457850127874e-01 -2.342559758387108282e-01 -2.165619382024619177e-01
-5.474123471488610004e-01 1.539610286850636722e-01 -2.355251282649184486e-01 -2.355261821639980657e-01 -2.355265748671581949e-01 -2.355273298601856802e-01 -1.888525080547115986e-01 -1.706647543598290573e-01
-4.125086843773159706e-01 2.350945492425063343e-01 -1.978719007868899593e-01 -1.978730963286342848e-01 -1.978735422763089336e-01 -1.978743997412607536e-01 -1.490897726206154295e-01 -1.312384175456892399e-01
-2.973617998214894698e-01 2.937937767493541408e-01 -1.636879266243769782e-01 -1.636892531470896250e-01 -1.636897482544388827e-01 -1.636907002990725668e-01 -1.148358386960395966e-01 -9.795299096171931896e-02
-2.014417142385469262e-01 3.333103389999018673e-01 -1.330944095890118917e-01 -1.330958564572063130e-01 -1.330963966784809438e-01 -1.330974354968128270e-01 -8.580208409654639656e-02 -7.033882944748001687e-02
-1.235150371097393091e-01 3.568368207233807987e-01 -1.060840929359707918e-01 -1.060856492095773318e-01 -1.060862304143970619e-01 -1.060873480488579712e-01 -6.159547675971719510e-02 -4.784376362700897001e-02
-6.187845388465928326e-02 3.673642570770386806e-01 -8.255269816441278274e-02 -8.255435243010203483e-02 -8.255497034014237789e-02 -8.255615855972378569e-02 -4.176041600100541262e-02 -2.987728284830741196e-02
-1.456428642977956704e-02 3.675977245609517996e-01 -6.232453433202340271e-02 -6.232627482931232810e-02 -6.232692506455018294e-02 -6.232817545331858361e-02 -2.581148252167544260e-02 -1.584372564706417255e-02
2.049026540301122565e-02 3.599157403285054846e-01 -4.517428567702738013e-02 -4.517610007537926908e-02 -4.517677807050596295e-02 -4.517808186658310576e-02 -1.325841176445140442e-02 -5.166304197830214051e-03
4.531318266667010847e-02 3.463606549270385471e-01 -3.084534878470731462e-02 -3.084722521447324367e-02 -3.084792660214239271e-02 -3.084927543368582228e-02 -3.624505943139489771e-03 2.696359047290730528e-03
6.180617200089801033e-02 3.286495287064413184e-01 -1.906422915773454269e-02 -1.906615711653855336e-02 -1.906687806310753894e-02 -1.906826459250240968e-02 3.540387699321698514e-03 8.239699132895302036e-03
7.168691432950589915e-02 3.081974873029319495e-01 -9.551768184652779589e-03 -9.553737990537469402e-03 -9.554474990288329070e-03 -9.555892517677223863e-03 8.651319610285135991e-03 1.190738439585799398e-02
7.645916780157030468e-02 2.861478388125020533e-01 -2.032268300498655308e-03 -2.034271954781822437e-03 -2.035022147542021181e-03 -2.036465219564174891e-03 1.208321120223061242e-02 1.408909797343950443e-02
7.740361938045269008e-02 2.634049491924173036e-01 3.759394011851146470e-03 3.757362461163434465e-03 3.756601158007389328e-03 3.755136495945434957e-03 1.416858260988444057e-02 1.512099017860099419e-02
7.558408083194965987e-02 2.406674161979972248e-01 8.073193032595030183e-03 8.071137405458710806e-03 8.070366269306751203e-03 8.068882421489136439e-03 1.519737201410572419e-02 1.528803243636846221e-02
7.186366810561989338e-02 2.184593033807185614e-01 1.114061288018709101e-02 1.113853492068019382e-02 1.113775444904887245e-02 1.113625231971245889e-02 1.541828951896879324e-02 1.482764710331801496e-02
6.692607463956758151e-02 1.971598885535649215e-01 1.317254503543246157e-02 1.317044442361862099e-02 1.316965434251753976e-02 1.316813335326806611e-02 1.504124487439974754e-02 1.393411617578320383e-02
6.129987039299422680e-02 1.770297390294162665e-01 1.435873493178693033e-02 1.435661056651260301e-02 1.435581031437405120e-02 1.435426933600726651e-02 1.424047521524720444e-02 1.276338235359960813e-02
5.538263809691432865e-02 1.582336076051157059e-01 1.486673841525447230e-02 1.486458844087725981e-02 1.486377718105825162e-02 1.486221455817801802e-02 1.315807477066425688e-02 1.143794921501237356e-02
4.946400070387108050e-02 1.408608817428937399e-01 1.484336808343535152e-02 1.484119071700430899e-02 1.484036765057287870e-02 1.483878180388306656e-02 1.190769519950034966e-02 1.005166526515152182e-02
4.374652760821094027e-02 1.249426354914899423e-01 1.441538840965489107e-02 1.441318344995661319e-02 1.441234838429068799e-02 1.441073890497194740e-02 1.057824185006841708e-02 8.674248170566556393e-03
3.836408071111179624e-02 1.104659109870353567e-01 1.369061399746035815e-02 1.368838274586550892e-02 1.368753606614198613e-02 1.368590366099079261e-02 9.237437277704879310e-03 7.355445084599004403e-03
3.339753503557205128e-02 9.738567760368244119e-02 1.275948970642318964e-02 1.275723558292362128e-02 1.275637848418063533e-02 1.275472542202635805e-02 7.935163893963856352e-03 6.128776863247219209e-03
2.888801147366490407e-02 8.563445890944663963e-02 1.169676748615008921e-02 1.169449621700687468e-02 1.169363077503414276e-02 1.169196102302384049e-02 6.706528535072516471e-03 5.014841023326245366e-03
2.484739766599983884e-02 7.513013560745449015e-02 1.056328755028993968e-02 1.056100646187910566e-02 1.056013536533238414e-02 1.055845407243303363e-02 5.574618296384000610e-03 4.024175937624019719e-03
2.126706012186932448e-02 6.578192512388397750e-02 9.406878369472555443e-03 9.404599360874274505e-03 9.403727038343778419e-03 9.402042707598541604e-03 4.552928477221276742e-03 3.159686817992728332e-03
1.812453414200856580e-02 5.749517062580641880e-02 8.264898855267427749e-03 8.262636817399872033e-03 8.261768844241425963e-03 8.260092191781349610e-03 3.647477816446824742e-03 2.418691543388074711e-03
1.538871893203115453e-02 5.017486962694528430e-02 7.165543386879471947e-03 7.163315763342829011e-03 7.162458699422630075e-03 7.160802343483679833e-03 2.858610915344653083e-03 1.794593217207555904e-03
1.302378479461867994e-02 4.372823061372875519e-02 6.129013464615911712e-03 6.126839456437379455e-03 6.126000549444747013e-03 6.124378440700197455e-03 2.182513982137589646e-03 1.278230519171153108e-03
1.099199620567226782e-02 3.806648443570453955e-02 5.169062803683722312e-03 5.166962165934178494e-03 5.166148898445264113e-03 5.164575448756716924e-03 1.612467215570238333e-03 8.589443520373177482e-04
9.255757821832216736e-03 3.310608139620557083e-02 4.294078187421922384e-03 4.292070070829760720e-03 4.291289723756112548e-03 4.289778966362772089e-03 1.139862269736971424e-03 5.254013110991741925e-04
7.778996685133231226e-03 2.876940924876632971e-02 3.508090543918530608e-03 3.506192426996095155e-03 3.505451677138533319e-03 3.504016492533499217e-03 7.550080820779859472e-04 2.662095646726999817e-04
6.527990692043972483e-03 2.498515678079646016e-02 2.811730589824447662e-03 2.809957291594169463e-03 2.809261838733401705e-03 2.807913237062783455e-03 4.477617534724393595e-04 7.036038987883513267e-05
5.471875380384520066e-03 2.168841141638176359e-02 2.203025622544069195e-03 2.201388563923915680e-03 2.200742851719337742e-03 2.199489435708947439e-03 2.080022734062215908e-04 -7.246185030536191128e-05
4.582877637545045360e-03 1.882046079675472883e-02 1.677956272452939745e-03 1.676463105467162996e-03 1.675870183211866562e-03 1.674717882941385199e-03 2.597624549729086156e-05 -1.716898235322984420e-04
3.836399023877242950e-03 1.632862664398535349e-02 1.231325900440201479e-03 1.229980315088552130e-03 1.229441762741554115e-03 1.228393690625584215e-03 -1.074624530973222167e-04 -2.357673227507274647e-04
3.210816260881169983e-03 1.416587674751690513e-02 8.569895640189958454e-04 8.557914886823815136e-04 8.553074914228363723e-04 8.543640852962414590e-04 -2.006985073158310765e-04 -2.721111336388585080e-04
2.687340641410602016e-03 1.229042199633020860e-02 5.482797997447133110e-04 5.472261555336437391e-04 5.467957944651157497e-04 5.459553792269288171e-04 -2.612691929245812127e-04 -2.871195058789224788e-04
2.249776453243809878e-03 1.066528394905650115e-02 2.983301917658032947e-04 2.974156686168462262e-04 2.970372167021377834e-04 2.962965747384362970e-04 -2.958304789259994091e-04 -2.862182003655179357e-04
1.884286752966822347e-03 9.257839616077217365e-03 1.002813555346276691e-04 9.949932261245959147e-05 9.917059135832008768e-05 9.852563054083307060e-05 -3.101631749155419216e-04 -2.739284996379535118e-04
1.579142122760748357e-03 8.039403879900250405e-03 -5.253445225929902343e-05 -5.319101487430857818e-05 -5.347232210415349526e-05 -5.402588829196897828e-05 -3.092067331991934370e-04 -2.539486787521455144e-04
1.324299446644139995e-03 6.984819238091201886e-03 -1.663285691970284698e-04 -1.668662165361895302e-04 -1.671021830603682966e-04 -1.675682177157033679e-04 -2.971128944161355399e-04 -2.292434562526039353e-04
1.111372341980357671e-03 6.072023420838386018e-03 -2.468953887345883697e-04 -2.473195291638571229e-04 -2.475117707176031911e-04 -2.478932258572708806e-04 -2.773115910277512914e-04 -2.021355939851972251e-04
9.333708665883435002e-04 5.281706909702948115e-03 -2.994964344586957517e-04 -2.998109014532618810e-04 -2.999604108734278316e-04 -3.002590314143897929e-04 -2.525846537629056611e-04 -1.743957685381590430e-04
7.843167068364544558e-04 4.596961826791638728e-03 -3.287815294459856918e-04 -3.289884714992628119e-04 -3.290955876670471924e-04 -3.293118560424703541e-04 -2.251417157766126954e-04 -1.473281945711007773e-04
6.593106995079761482e-04 4.002958851058006223e-03 -3.393375495549261363e-04 -3.394376843236511271e-04 -3.395022111427044385e-04 -3.396355851226664341e-04 -1.966972935622977251e-04 -1.218511739652189353e-04
5.542167854237018331e-04 3.486660195738912425e-03 -3.350249361857138676e-04 -3.350180401099606782e-04 -3.350394490696526951e-04 -3.350887583917546027e-04 -1.685408435855588385e-04 -9.856867353229801804e-05
4.655633088144514424e-04 3.036551048247144308e-03 -3.192066483388448432e-04 -3.190923546358169559e-04 -3.190701084782258793e-04 -3.190341860928075542e-04 -1.416079460194344755e-04 -7.783209230312718738e-05
3.904730306099188559e-04 2.642391221880451089e-03 -2.947931647485486873e-04 -2.945719840792703653e-04 -2.945059471724878757e-04 -2.943844281350048984e-04 -1.165448699919523407e-04 -5.980136344831272468e-05
3.265110691148985153e-04 2.294984724613043092e-03 -2.643119414372816314e-04 -2.639864153970581848e-04 -2.638773153098382786e-04 -2.636715343859477004e-04 -9.376529299854198096e-05 -4.449082705460995376e-05
2.715829682731470758e-04 1.985962612590820055e-03 -2.299432286133003321e-04 -2.295191340444883413e-04 -2.293690408868619764e-04 -2.290829636261716414e-04 -7.350170116895857414e-05 -3.180923909658430772e-05
2.240399486511233278e-04 1.707573789855946697e-03 -1.935607856456968113e-04 -1.930483118550661023e-04 -1.928611049228997774e-04 -1.925022332174450247e-04 -5.585073380933054248e-05 -2.159301509875293109e-05
1.823937007721856821e-04 1.452483092035782497e-03 -1.567871848594514514e-04 -1.562020110332590838e-04 -1.559838044832929981e-04 -1.555640019266536507e-04 -4.081250659699465463e-05 -1.363304347871672722e-05
1.453741432616322200e-04 1.213568572415587308e-03 -1.210447708503056130e-04 -1.204089924375350147e-04 -1.201685000682899780e-04 -1.197046985998104918e-04 -2.832464970926472960e-05 -7.696426333843617111e-06
1.119494556315989869e-04 9.837133869829591242e-04 -8.760569184267377946e-05 -8.694856780073117802e-05 -8.669739641084516239e-05 -8.621216406454570210e-05 -1.829152493220393455e-05 -3.544048605024631185e-06
8.125552410112981197e-05 7.555876835570524879e-04 -5.764000686684602381e-05 -5.699852560718529025e-05 -5.675139674671959004e-05 -5.627336643101538095e-05 -1.060902668857879267e-05 -9.447479637707822557e-07
5.258620507965607114e-05 5.214141680337908667e-04 -3.226091608656084323e-05 -3.168020345300550240e-05 -3.145511345056264084e-05 -3.101929220527863238e-05 -5.185162704406263417e-06 3.134584145723670224e-07
2.538900074680874313e-05 2.727106505498460448e-04 -1.256617317368252142e-05 -1.209978865378475484e-05 -1.191812570871301619e-05 -1.156612111055858077e-05 -1.956342365144911730e-06 4.150318970901109952e-07
-7.350920423485209134e-07 2.459335864710425568e-09 3.252722252205299229e-07 6.150857218331261750e-07 7.284412642577676463e-07 9.482267441841497363e-07 -8.990268263747552203e-07 -4.881878467378402369e-07
