5.583468272566170945e-13 -1.226890007755888403e-12 -2.422442724523794669e-12 6.740791148680514702e-14 1.085866628280595651e-12 1.518732646909482835e-12 2.372688016846171046e-12 6.292658833212800941e-13 4.032965525614477027e-12 2.217015207831247464e-13 3.294613765729942771e-13 2.182267009731313845e-12 2.338163951058781958e-12 2.368115127819112937e-12 2.414580220106898839e-12 -1.374767912528017324e-12 -4.845484849891614340e-13
1.145320199486396293e-12 -2.464114200694735274e-12 -4.818232848570139337e-12 3.639482776553657786e-13 2.435796422775080989e-12 3.312758817890727402e-12 5.041385490297407711e-12 1.123420384188408969e-12 8.074544044665714541e-12 2.999999999972048359e-01 2.999999999879650048e-01 2.000000000043331838e-01 2.000000000039802439e-01 2.000000000037663872e-01 2.000000000033226588e-01 1.999999999974893528e-01 1.999999999985819510e-01
3.000000000144397577e-02 -3.866588409481152533e-12 2.999999999158575389e-02 2.000000000090021782e-02 2.000000000401468830e-02 2.000000000532826602e-02 2.000000000791551935e-02 2.000000000150659388e-02 2.000000001213825956e-02 5.999999999941176831e-01 5.999999999772890336e-01 4.000000000067240324e-01 4.000000000057035709e-01 4.000000000051774918e-01 4.000000000041086801e-01 3.999999999960610064e-01 3.999999999965769826e-01
8.997300202641007882e-02 1.799730006471463375e-03 8.999999998701503634e-02 6.000000000171907405e-02 6.000000000587175225e-02 6.000000000761664121e-02 6.000000001105113695e-02 6.000000000174607329e-02 6.000000001617585010e-02 8.999999999910021087e-01 8.999999999683100382e-01 5.646874484611197342e-01 5.646882045071578426e-01 5.646884932103822807e-01 5.646890504687083201e-01 5.999999999942784434e-01 5.999999999934229056e-01
1.796087479973287604e-01 9.888799431715399740e-03 1.799999999817023799e-01 1.164687448480453136e-01 1.164688204580279218e-01 1.164688493306148265e-01 1.164689050609059862e-01 1.200000000017992091e-01 1.200000000201314060e-01 1.199999999987919397e+00 1.199999999961018027e+00 6.746983940741683172e-01 6.746998135210583447e-01 6.747003556821447035e-01 6.747014022163007052e-01 7.454471758693168582e-01 7.643454641177154230e-01
2.976699911317789438e-01 3.137234823905186293e-02 2.999999999758888314e-01 1.839385842556528483e-01 1.839388018116476786e-01 1.839388849009028493e-01 1.839390452857123104e-01 1.945447175893364467e-01 1.964345464368083549e-01 1.499999999984950483e+00 1.438426194586585716e+00 7.399711740606688126e-01 7.399731769101890455e-01 7.399739420403290691e-01 7.399754190175936719e-01 8.257001676738296991e-01 8.533937391399751826e-01
4.409704645009733803e-01 7.570037923290413862e-02 4.438426194329421204e-01 2.579357016618377130e-01 2.579361195042044197e-01 2.579362791070730077e-01 2.579365871907897678e-01 2.771147343572895050e-01 2.817739203559658789e-01 1.799999999982196730e+00 1.473185196115922135e+00 7.693194781006778005e-01 7.693219897154984777e-01 7.693229493576276834e-01 7.693248018613554340e-01 8.555207693416857495e-01 8.849970928839357986e-01
6.035299520802765993e-01 1.529947063039291955e-01 5.911611390433335611e-01 3.348676494719399765e-01 3.348683184772940913e-01 3.348685740450100257e-01 3.348690673803489393e-01 3.626668112919728681e-01 3.702736296496477730e-01 2.001697609326600791e+00 1.372478793126271412e+00 7.704574130840327051e-01 7.704603651745074444e-01 7.704614932915907488e-01 7.704636710753648421e-01 8.474540625512673175e-01 8.741520945534589915e-01
7.697297249003201003e-01 2.645544154582131768e-01 7.284090183551938935e-01 4.119133907802989825e-01 4.119143549962713813e-01 4.119147233763565952e-01 4.119154344913743548e-01 4.474122175475357399e-01 4.576888391102093556e-01 2.066511187351139700e+00 1.190079191005398940e+00 7.500473196389861874e-01 7.500506494329255425e-01 7.500519220924117825e-01 7.500543789714748666e-01 8.119877943579191237e-01 8.332363356998108150e-01
9.239399059706274731e-01 4.021186002209430344e-01 8.474169374554183509e-01 4.869181227440748105e-01 4.869194199410515900e-01 4.869199155877620977e-01 4.869208723920183668e-01 5.286109969836609856e-01 5.410124726850901178e-01 2.026062688451110372e+00 9.651851422408225245e-01 7.137660586555456543e-01 7.137697081676362965e-01 7.137711032602089833e-01 7.137737965673761620e-01 7.577406145007120619e-01 7.722776676724002476e-01
1.058049360723986476e+00 5.539868138888565108e-01 9.439354516796037986e-01 5.582947286094255279e-01 5.582963907592338737e-01 5.582970259158824833e-01 5.582982520521955205e-01 6.043850584339418575e-01 6.182402394566753889e-01 1.910164670706903545e+00 7.248930982208906526e-01 6.663817013535339173e-01 6.663856172900374242e-01 6.663871144949475855e-01 6.663900050143458653e-01 6.916648191541170387e-01 6.992365776684013046e-01
1.170100644180944283e+00 7.086858784317136006e-01 1.016424761502133789e+00 6.249328987444874306e-01 6.249349524895551067e-01 6.249357373673688487e-01 6.249372525569486525e-01 6.735515403494258813e-01 6.881638972271203469e-01 1.744862957126414926e+00 4.872892593159806607e-01 6.118374488207638517e-01 6.118415825313244794e-01 6.118431632991906399e-01 6.118462152335039095e-01 6.192526374578671833e-01 6.202873196309639514e-01
1.261951816200076459e+00 8.570396097420395209e-01 1.065153687434396756e+00 6.861166436261718626e-01 6.861191107438708858e-01 6.861200536991305388e-01 6.861218740834386098e-01 7.354768040951442654e-01 7.501926291929770230e-01 1.551393789330627104e+00 2.641165640019103589e-01 5.533385870795689554e-01 5.533428943157687740e-01 5.533445417772716590e-01 5.533477225718178572e-01 5.447378951248867951e-01 5.400874811969825773e-01
1.337096640249339830e+00 9.927653711812105541e-01 1.091565343835357638e+00 7.414505023336191991e-01 7.414534001764668814e-01 7.414545078785156340e-01 7.414566463435346977e-01 7.899505936074315837e-01 8.042013773145710864e-01 1.346097803423019101e+00 6.271031649890548842e-02 4.934390412437214546e-01 4.934434819282416673e-01 4.934451808069884038e-01 4.934484609819130285e-01 4.712872650961170695e-01 4.620290341433927472e-01
1.399164796027103641e+00 1.112211329698079787e+00 1.097836375486020311e+00 7.907944064573452225e-01 7.907977483701218446e-01 7.907990259606614281e-01 7.908014924443846905e-01 8.370793201167255893e-01 8.504042807299883044e-01 1.140947238662048280e+00 -1.127162487667046353e-01 4.341253968629634752e-01 4.341299348047606976e-01 4.341316713095499935e-01 4.341350242522783454e-01 4.011772373375368517e-01 3.884665745655997426e-01
1.451137600740179723e+00 1.213781175556966518e+00 1.086564750610031105e+00 8.342069461428406330e-01 8.342107418512237915e-01 8.342121930928366735e-01 8.342149948720010144e-01 8.771970438500676925e-01 8.892509381868970442e-01 9.443239622745559503e-01 -2.602349744719823499e-01 3.768967011885999696e-01 3.769013038130132887e-01 3.769030655359847382e-01 3.769064673050918635e-01 3.359544792048965722e-01 3.209205335044564844e-01
1.495098564633781990e+00 1.297356956220877100e+00 1.060541253163352016e+00 8.718966162607288961e-01 8.719008722329375516e-01 8.719024996474231681e-01 8.719056416046290225e-01 9.107924917700771505e-01 9.213429915370703327e-01 7.618023304269375684e-01 -3.796299178429039523e-01 3.228387621601379043e-01 3.228434001831062550e-01 3.228451759765711415e-01 3.228486050645216210e-01 2.765784653888695432e-01 2.602547138503952806e-01
1.532304978654843053e+00 1.363833348001612711e+00 1.022578261379369025e+00 9.041804924755875161e-01 9.041852122514447698e-01 9.041870172458384980e-01 9.041905021129414965e-01 9.384503383084394912e-01 9.473684629213261488e-01 5.968177641866370120e-01 -4.719649504274653351e-01 2.726920866386679521e-01 2.726967337235420286e-01 2.726985135700907281e-01 2.727019506529808068e-01 2.235461757874890321e-01 2.068286618141230992e-01
1.563409166361692915e+00 1.414769032398446535e+00 9.753817663367033708e-01 9.314497011381021041e-01 9.314548856237790941e-01 9.314568686033803946e-01 9.314606971798564672e-01 9.608049558866408324e-01 9.680513291015450106e-01 4.511907726706561594e-01 -5.392252815354197093e-01 2.269134394777264918e-01 2.269180718921302020e-01 2.269198467749042325e-01 2.269232744625431231e-01 1.769993415469893194e-01 1.606261943840897599e-01
1.588714292162838770e+00 1.452123841225096301e+00 9.214592381830251089e-01 9.541410450843101909e-01 9.541466928127526614e-01 9.541488532811804868e-01 9.541530246274966265e-01 9.785048900407860017e-01 9.841139485384370333e-01 3.255238496935400905e-01 -5.840065648693665290e-01 1.857305736915431937e-01 1.857351699540543966e-01 1.857369317227341998e-01 1.857403343003479201e-01 1.368151962023846924e-01 1.213619313433760422e-01
1.608397369719560377e+00 1.478051321348749170e+00 8.630585816957618839e-01 9.727141024516702261e-01 9.727202098076928038e-01 9.727225464535385058e-01 9.727270580586930837e-01 9.921864096604753325e-01 9.962501416710024538e-01 2.195042864456418219e-01 -6.092464264382497774e-01 1.491902765995451741e-01 1.491948171611426899e-01 1.491965584108453646e-01 1.491999216055498179e-01 1.026820111405463837e-01 8.856799837129372688e-02
1.622667705481928513e+00 1.494730015396468659e+00 8.021339390514590217e-01 9.876331301095828685e-01 9.876396915231057116e-01 9.876422022944759682e-01 9.876470502201852852e-01 1.002454610773990451e+00 1.005106941506154428e+00 1.321441278065235425e-01 -6.180013045109928882e-01 1.172000210328591890e-01 1.172044879883343826e-01 1.172062019494720247e-01 1.172095127177073259e-01 7.416087695331335938e-02 6.166320433278356383e-02
1.631854026023863868e+00 1.504229079567632965e+00 7.403338085997744900e-01 9.993531322105635439e-01 9.993601403209898537e-01 9.993628224890340750e-01 9.993680014926611399e-01 1.009870698468791295e+00 1.011273261937284396e+00 6.197903464227468712e-02 -6.132716971778746640e-01 8.956358449958942702e-02 8.956796134454921010e-02 8.956964178948351174e-02 8.957288813663430438e-02 5.073527937231792073e-02 4.000701051704088490e-02
1.636429587552865605e+00 1.508409778560632075e+00 6.790066388813373877e-01 1.008309490657942842e+00 1.008316936454236368e+00 1.008319786667339457e+00 1.008325290306785416e+00 1.014944226405497085e+00 1.015273962986690037e+00 7.237799926212869911e-03 -5.978755943110497517e-01 6.601107167093708816e-02 6.601534312590219555e-02 6.601698430050249866e-02 6.602015514832304532e-02 3.185002856968194990e-02 2.294053508570824407e-02
1.636992830926427223e+00 1.508864327107031222e+00 6.192190794495561201e-01 1.014910597822180183e+00 1.014918470765352021e+00 1.014921485096484055e+00 1.014927305821821113e+00 1.018129229261936386e+00 1.017568016492826688e+00 -3.401306851264251918e-02 -5.743661393882285582e-01 4.622388159041846550e-02 4.622803349112571125e-02 4.622963007094446630e-02 4.623271517225064492e-02 1.694105131036281048e-02 9.816693335839850321e-03
1.634223038071363376e+00 1.506890210637242822e+00 5.617824655100653874e-01 1.019532985978095274e+00 1.019541274112724105e+00 1.019544448102407630e+00 1.019550577338982134e+00 1.019823334392432113e+00 1.018549685823852968e+00 -6.374924849584093223e-02 -5.449867617144642518e-01 2.985508892655850538e-02 2.985910817491117114e-02 2.986065524398319806e-02 2.986364514081181476e-02 5.457467443361454021e-03 2.139424432352720181e-05
1.628827894889241623e+00 1.503494316515188167e+00 5.072837893379898988e-01 1.022518494867380667e+00 1.022527184928222699e+00 1.022530513625377280e+00 1.022536941852730585e+00 1.020369081136208056e+00 1.018551825245619824e+00 -8.389341992065374454e-02 -5.116557278153885946e-01 1.654564796670798810e-02 1.654952252815609579e-02 1.655101557509008198e-02 1.655390159007409656e-02 -3.122740963871653216e-03 -7.012488695906551883e-03
1.621495045553018377e+00 1.499418733160079009e+00 4.561182165558858026e-01 1.024173059660479002e+00 1.024182137178821339e+00 1.024185615181222531e+00 1.024192332011147455e+00 1.020056807039236846e+00 1.017850576373280580e+00 -9.624492363248264570e-02 -4.759720457437176533e-01 5.937238672685980767e-03 5.940957606686099977e-03 5.942392533128332613e-03 5.945166784656683370e-03 -9.282288637638434758e-03 -1.179686505431713252e-02
1.612854474152685125e+00 1.495179466815290459e+00 4.085210119810332441e-01 1.024766783524028169e+00 1.024776232937088860e+00 1.024779854432670723e+00 1.024786848688788332e+00 1.019128578174864908e+00 1.016670889865052940e+00 -1.024327690216934733e-01 -4.392356200364478380e-01 -2.318031143622110643e-03 -2.314477636279438973e-03 -2.313104500850033177e-03 -2.310449071287262127e-03 -1.345833023578070844e-02 -1.478459333517223237e-02
1.603454123075552573e+00 1.491110299659973881e+00 3.645974499770079924e-01 1.024534980405864548e+00 1.024544785170926842e+00 1.024548543980565274e+00 1.024555803780633934e+00 1.017782745150659807e+00 1.015192430528740308e+00 -1.038891976653033983e-01 -4.024758475805721436e-01 -8.550484576118877120e-03 -8.547105118592525710e-03 -8.545797006693974310e-03 -8.543266616011971348e-03 -1.603947848626180797e-02 -1.636896589630207344e-02
1.593748094265410531e+00 1.487405888955536160e+00 3.243498652186814213e-01 1.023679931944437627e+00 1.023690074656456783e+00 1.023693964277772928e+00 1.023701477117852976e+00 1.016178797301396930e+00 1.013555533936370878e+00 -1.018401711255216141e-01 -3.664842735477483182e-01 -1.306791314254974155e-02 -1.306471512494175764e-02 -1.306347481256010801e-02 -1.306107480148408981e-02 -1.736531966131316454e-02 -1.688559631298927957e-02
1.584095090947280626e+00 1.484160317896232373e+00 2.877014378637570702e-01 1.022373140626420707e+00 1.022383603141338915e+00 1.022387616794351972e+00 1.022395369636427409e+00 1.014442265334632332e+00 1.011866974302446875e+00 -9.730885285926425821e-02 -3.318482080549022273e-01 -1.615244801921001533e-02 -1.614943764465405149e-02 -1.614826747103942708e-02 -1.614600234310788890e-02 -1.772777025454309527e-02 -1.661596040572369329e-02
1.574764158446996243e+00 1.481399190023124701e+00 2.545166170582428000e-01 1.020757895820856076e+00 1.020768659374299725e+00 1.020772790045104239e+00 1.020780769400804200e+00 1.012669488308564292e+00 1.010205378259415587e+00 -9.112823565947936189e-02 -2.989832551839722297e-01 -1.805887093268263369e-02 -1.805605335407144477e-02 -1.805495527510848561e-02 -1.805282880009606919e-02 -1.737373148385044919e-02 -1.579199049053126719e-02
1.565944903452756165e+00 1.479104784937675721e+00 2.246182915399485835e-01 1.018952008724118619e+00 1.018963054036427618e+00 1.018967294515530142e+00 1.018975486519508866e+00 1.010932115159601130e+00 1.008626179208110596e+00 -8.395954422673490569e-02 -2.681635064532752466e-01 -1.901404774842102574e-02 -1.901142715044903259e-02 -1.901040277144966720e-02 -1.900841804914345581e-02 -1.650859952239568107e-02 -1.460125204974457858e-02
1.557759862139856954e+00 1.477234718260635571e+00 1.978019408948468449e-01 1.017050603946025866e+00 1.017061911319076639e+00 1.017066254236455691e+00 1.017074644713394038e+00 1.009281255206833317e+00 1.007166054001114919e+00 -7.631362744669073495e-02 -2.395487225715285107e-01 -1.921727457539391254e-02 -1.921485434288592101e-02 -1.921390498314436493e-02 -1.921206456799446141e-02 -1.530027840208814625e-02 -1.319234225196194883e-02
1.550277304123357736e+00 1.475735044005562546e+00 1.738470686380337860e-01 1.015128876485486220e+00 1.015140425882681718e+00 1.015144863736389791e+00 1.015153438255530727e+00 1.007751227366157298e+00 1.005846819774131928e+00 -6.857326550867001713e-02 -2.132082276517217323e-01 -1.884133517086635998e-02 -1.883911809344789717e-02 -1.883824486399717640e-02 -1.883655091499465348e-02 -1.388342014136118539e-02 -1.168024323447478321e-02
1.543523340666752341e+00 1.474548913721136278e+00 1.525262458733036841e-01 1.013244742965668799e+00 1.013256514071459558e+00 1.013261039248450457e+00 1.013269783163145865e+00 1.006362885351621328e+00 1.004678795449117423e+00 -6.101485742541561119e-02 -1.891414860313109236e-01 -1.803401586408856852e-02 -1.803200434939141589e-02 -1.803120823352543159e-02 -1.802966266923462790e-02 -1.236368294055844273e-02 -1.015143999205839198e-02
1.537492690697757958e+00 1.473621881242365594e+00 1.336120972707042498e-01 1.011441341376806635e+00 1.011453313634890216e+00 1.011457918423792401e+00 1.011466816895545850e+00 1.005126517057233215e+00 1.003663651448533756e+00 -5.382849061471365465e-02 -1.672955556926032650e-01 -1.691995457246674855e-02 -1.691815085371846036e-02 -1.691743278498102424e-02 -1.691603743354566300e-02 -1.082185398961179983e-02 -8.668675283814476079e-03
1.532157818027807927e+00 1.472904805505489412e+00 1.168825417020517149e-01 1.009749345917382746e+00 1.009761498548142677e+00 1.009766175144233724e+00 1.009775213151741013e+00 1.004044331658003442e+00 1.002796783918919798e+00 -4.713588315053931360e-02 -1.475795668366053637e-01 -1.560270006532487805e-02 -1.560110640775176465e-02 -1.560046734708794326e-02 -1.559922409449547229e-02 -9.317729503455668069e-03 -7.275263669193377490e-03
1.527476390484811208e+00 1.472355122904522196e+00 1.021245850190614368e-01 1.008189075908941801e+00 1.008201387906244584e+00 1.008206128408709601e+00 1.008215290742072057e+00 1.003112558707444091e+00 1.002069257550861625e+00 -4.100589611094671016e-02 -1.298765929330331081e-01 -1.416682656863607441e-02 -1.416544534758613916e-02 -1.416488631210044771e-02 -1.416379715726400271e-02 -7.893681983534238042e-03 -5.998925437642561517e-03
1.523397165703639811e+00 1.471937079435803097e+00 8.913692572647641255e-02 1.006772393250426667e+00 1.006784843370605476e+00 1.006789639776920264e+00 1.006798911026348886e+00 1.002323190508918938e+00 1.001469365005998258e+00 -3.546763230088680052e-02 -1.140532321719161662e-01 -1.268015272376728404e-02 -1.267898650015979872e-02 -1.267850859062403558e-02 -1.267757569800219419e-02 -6.577874508370669393e-03 -4.855130520765228719e-03
1.519864483358217333e+00 1.471621350350380553e+00 7.773160251003456700e-02 1.005504377976643937e+00 1.005516944719933026e+00 1.005521788917494552e+00 1.005531153456752813e+00 1.001665403057937720e+00 1.000983851952801373e+00 -3.052123223005423838e-02 -9.996714399705904086e-02 -1.119581591231589776e-02 -1.119486742537240814e-02 -1.119447182245459325e-02 -1.119369751444146931e-02 -5.387104990597276280e-03 -3.849963999632325350e-03
1.516821576266153881e+00 1.471384342762727337e+00 6.773488811109255880e-02 1.004384796384235834e+00 1.004397457976943020e+00 1.004402341735078474e+00 1.004411783705683847e+00 1.001126692558745201e+00 1.000598855551645627e+00 -2.614657946870612912e-02 -8.747288044738962820e-02 -9.754277068534237746e-03 -9.753549077604313847e-03 -9.753236981237509845e-03 -9.752623621114698063e-03 -4.329280808009190393e-03 -2.982539188641986343e-03
1.514212914071581206e+00 1.471207374592412798e+00 5.898760006711423892e-02 1.003409368676424274e+00 1.003422103068909443e+00 1.003427018036947338e+00 1.003436521344079679e+00 1.000693764477806003e+00 1.000300601631474384e+00 -2.231017139697907825e-02 -7.642628934822037756e-02 -8.385215666306292809e-03 -8.384710800608048686e-03 -8.384483372210017882e-03 -8.384033252584155785e-03 -3.405537082862261904e-03 -2.246994686842534658e-03
1.511985777259915897e+00 1.471075848550410736e+00 5.134497113303327503e-02 1.002570847109046204e+00 1.002583631988730684e+00 1.002588569699851329e+00 1.002598118019416118e+00 1.000353210769360235e+00 1.000075902161336128e+00 -1.897041789270786233e-02 -6.668772158744595835e-02 -7.109266693545291012e-03 -7.108987240301626459e-03 -7.108845521788046719e-03 -7.108560708386227160e-03 -2.612020696251732971e-03 -1.634117007669617797e-03
1.510091235512670771e+00 1.470978487785744360e+00 4.467619897499534171e-02 1.001859920439152729e+00 1.001872733264714821e+00 1.001877685147898545e+00 1.001887261949212959e+00 1.000092008699539292e+00 9.999124904589490326e-01 -1.608161674451955014e-02 -5.812427569615733619e-02 -5.939589943191118417e-03 -5.939537617000694401e-03 -5.939482442709148255e-03 -5.939364604545494322e-03 -1.941367845645576833e-03 -1.132632912867774597e-03
1.508484678486529784e+00 1.470906665132768465e+00 3.886377140603886754e-02 1.001265961444506303e+00 1.001278779503142813e+00 1.001283736903926247e+00 1.001293325489387209e+00 9.998978719147288974e-01 9.997992271658715513e-01 -1.359687697698145487e-02 -5.061126213513070932e-02 -4.883261186808460046e-03 -4.883436969631738296e-03 -4.883468905034112073e-03 -4.883519196225844829e-03 -1.383906018972698264e-03 -7.302153268965215580e-04
1.507126017490529213e+00 1.470853835842578450e+00 3.380264519312631277e-02 1.000777635325718951e+00 1.000790435806406364e+00 1.000795390013769381e+00 1.000804973570343481e+00 9.997594813125241231e-01 9.997262056312313794e-01 -1.147017096373450021e-02 -4.403306962252301338e-02 -3.942573348893940212e-03 -3.942977032780117450e-03 -3.943096200488088038e-03 -3.943314924845827373e-03 -9.286131742268893255e-04 -4.142466530272422031e-04
1.505979655633062242e+00 1.470815071015040720e+00 2.939933823140604766e-02 1.000383377990954115e+00 1.000396138103443189e+00 1.000401080394095255e+00 1.000410642078349177e+00 9.996666199947229492e-01 9.996847809638428339e-01 -9.657717548349967554e-03 -3.828355255978278110e-02 -3.116083462783519799e-03 -3.116713350684138534e-03 -3.116919315771569162e-03 -3.117305705488519502e-03 -5.638653955138981993e-04 -1.723775066358032224e-04
1.505014301216182515e+00 1.470786682056336225e+00 2.557098297588322397e-02 1.000071769645036523e+00 1.000084466768768054e+00 1.000089388462904294e+00 1.000098911508170429e+00 9.996102334547146695e-01 9.996675432109939363e-01 -8.118845653841789273e-03 -3.326606559698506299e-02 -2.399529123889713230e-03 -2.400381774388215487e-03 -2.400673445939219015e-03 -2.401225471378932736e-03 -2.780043068103602564e-04 7.081807239127608273e-06
1.504202682071432262e+00 1.470765923634741235e+00 2.224437641655725023e-02 9.998318167332518325e-01 9.998444285917928998e-01 9.998493211186946228e-01 9.998587889612587931e-01 9.995824330234935884e-01 9.996682513894751265e-01 -6.816467172959402541e-03 -2.889324253556109154e-02 -1.786627777592494351e-03 -1.787697829159908252e-03 -1.788073391485887377e-03 -1.788787627937283783e-03 -5.975291127104847487e-05 1.349048515263596320e-04
1.503521203990249022e+00 1.470750762081840302e+00 1.935505216328654507e-02 9.996531539563346946e-01 9.996656588094027240e-01 9.996705137799178909e-01 9.996799101985329727e-01 9.995764577317408639e-01 9.996817418723690229e-01 -5.717267550865144134e-03 -2.508659409198658874e-02 -1.269721497749246465e-03 -1.271001613339032025e-03 -1.271458502489687713e-03 -1.272330084047625098e-03 1.014938078221325093e-04 2.207992794245505124e-04
1.502949584320860676e+00 1.470739696974671551e+00 1.684639275428422706e-02 9.995261818076220939e-01 9.995385586486451590e-01 9.995433679300194107e-01 9.995526771900334895e-01 9.995866071118123530e-01 9.997038217980560582e-01 -4.791691767059509492e-03 -2.177598595240349752e-02 -8.403136798813121405e-04 -8.417946073637752515e-04 -8.423295312936382668e-04 -8.433521887213047633e-04 2.154800325939166508e-04 2.733394036545781260e-04
1.502470483136332691e+00 1.470731625087506877e+00 1.466879415915157449e-02 9.994421504408874668e-01 9.994543791885210915e-01 9.994591349772102840e-01 9.994683419709048389e-01 9.996081551142801391e-01 9.997311557362000833e-01 -4.013792096840951458e-03 -1.889904502760002963e-02 -4.895046266987851868e-04 -4.911753660838157672e-04 -4.917843650637755346e-04 -4.929505410681973279e-04 2.909808389090081065e-04 2.999603537609945051e-04
1.502069147108416658e+00 1.470725737552645906e+00 1.277888965641356747e-02 9.993931999796231702e-01 9.994052616525431754e-01 9.994099565409850783e-01 9.994190469163879431e-01 9.996372531973055642e-01 9.997611517694054983e-01 -3.360993025862059076e-03 -1.640052934962337935e-02 -2.083315692436429672e-04 -2.101796386316917543e-04 -2.108581829518015960e-04 -2.121592192200943744e-04 3.357570127147076005e-04 3.069963869916741387e-04
1.501733075247431604e+00 1.470721442696222514e+00 1.113883672139298273e-02 9.993723668242102676e-01 9.993842436893078940e-01 9.993888707229221513e-01 9.993978309939137716e-01 9.996708288976489110e-01 9.997918514059911388e-01 -2.813805485994099083e-03 -1.423168820811229057e-02 1.197099118624268027e-05 9.959215791094065210e-06 9.216100208443910128e-06 7.789722265016237534e-06 3.565572389003015814e-04 2.997501968824460507e-04
1.501451712154095786e+00 1.470718308510962746e+00 9.715667900450792802e-03 9.993735639248965130e-01 9.993852396114895065e-01 9.993897923331150901e-01 9.993986099654582622e-01 9.997064846205631072e-01 9.998218264236223840e-01 -2.355517720369308590e-03 -1.234964212858286579e-02 1.797666163346858022e-04 1.776055241323881847e-04 1.768031162946710581e-04 1.752615082738118071e-04 3.591548627089947749e-04 2.825812101928944589e-04
1.501216171498847007e+00 1.470716020005173652e+00 8.480703687397809706e-03 9.993915405881044212e-01 9.994030001644561567e-01 9.994074726448443080e-01 9.994161361154834111e-01 9.997424001058288212e-01 9.998500845426382400e-01 -1.971877816086055422e-03 -1.071677946434483955e-02 3.028992040399255004e-04 3.006035532290373237e-04 2.997472901390189318e-04 2.981008748786369116e-04 3.484086170906007074e-04 2.590044743751713759e-04
1.501018990807858833e+00 1.470714347733917515e+00 7.409025740714961228e-03 9.994218305100442956e-01 9.994330605202599305e-01 9.994374473738716347e-01 9.994459462020547358e-01 9.997772409665278692e-01 9.998759849881253547e-01 -1.650796188093501876e-03 -9.300191789764338315e-03 3.885981578972299406e-04 3.861826995103742632e-04 3.852780366870975533e-04 3.835372808053484129e-04 3.283387664909210939e-04 2.317933582992625957e-04
1.500853915719563059e+00 1.470713124664443150e+00 6.479006561447197589e-03 9.994606903272930110e-01 9.994716787905977284e-01 9.994759751774533463e-01 9.994842999291052577e-01 9.998100748421911987e-01 9.998991643220638270e-01 -1.382062122056395897e-03 -8.071149590310177160e-03 4.434261351627203913e-04 4.409053123374877497e-04 4.399576134079324018e-04 4.381328160081358306e-04 3.022118477680197767e-04 2.030814058507015999e-04
1.500715712407827196e+00 1.470712229228689161e+00 5.671891602092793243e-03 9.995050329421624191e-01 9.995157693221055073e-01 9.995199709385925724e-01 9.995281132095580334e-01 9.998402960260406314e-01 9.999194724608319040e-01 -1.157084474862619559e-03 -7.004621195588855813e-03 4.732591515118355382e-04 4.706468763721525475e-04 4.696613322567089232e-04 4.677624706752013268e-04 2.726288008679671237e-04 1.744595848075329299e-04
1.500600005821330019e+00 1.470711572941688638e+00 4.971429482189235888e-03 9.995523588585418784e-01 9.995628340098869913e-01 9.995669370714863611e-01 9.995748894553468933e-01 9.998675589052971047e-01 9.999369184175951331e-01 -9.686557977421543595e-04 -6.078837234169558873e-03 4.832872841684683748e-04 4.805968057471214942e-04 4.795783885139151938e-04 4.776150308685024430e-04 2.416124847652426674e-04 1.470667346743482714e-04
1.500503141438499943e+00 1.470711091376744717e+00 4.363545758416473644e-03 9.996006875880536491e-01 9.996108936904674058e-01 9.996148949098663250e-01 9.996226509570125263e-01 9.998917201530828081e-01 9.999516250894799896e-01 -8.107415837072438035e-04 -5.274896846371399453e-03 4.780338360274240966e-04 4.752777013583220833e-04 4.742311534092300148e-04 4.722124391609995695e-04 2.106918131918265045e-04 1.216718674296722342e-04
1.500422068052042146e+00 1.470710737598707629e+00 3.836056073421291197e-03 9.996484909726294221e-01 9.996584214604684604e-01 9.996623180245894913e-01 9.996698721993505510e-01 9.999127893338956019e-01 9.999637922748271235e-01 -6.783116373688503160e-04 -4.576414922757471131e-03 4.614009762264703151e-04 4.585910768350633234e-04 4.575209322381475143e-04 4.554556145347275309e-04 1.809805258045354829e-04 9.874752317689255044e-05
1.500354237387608869e+00 1.470710477385006598e+00 3.378414580792814606e-03 9.996946310711194439e-01 9.997042805678802990e-01 9.997080701170473205e-01 9.997154177590565904e-01 9.999308873861995073e-01 9.999736670259975480e-01 -5.671744016013997467e-04 -3.969212580872489605e-03 4.367114345572010417e-04 4.338591211293307218e-04 4.327697523781296363e-04 4.306662891635927690e-04 1.532493690040224023e-04 7.853396581477684317e-05
1.500297520271522078e+00 1.470710285758371594e+00 2.981493322364105018e-03 9.997383022153638610e-01 9.997476664795961199e-01 9.997513470913762523e-01 9.997584843860495285e-01 9.999462123230947741e-01 9.999815204217478160e-01 -4.738373134964062538e-04 -3.441041890105308188e-03 4.067617884498970636e-04 4.038780283236604045e-04 4.027737086281564668e-04 4.006403833552123336e-04 1.279909061098280650e-04 6.109439156483853148e-05
1.500250136751349439e+00 1.470710144470644520e+00 2.637389133026947496e-03 9.997789783949541098e-01 9.997880542819265193e-01 9.997916244612018444e-01 9.997985484222883246e-01 9.999590114140061159e-01 9.999876298604573055e-01 -3.954056415072999039e-04 -2.981345707634118665e-03 3.738836330216710902e-04 3.709791786885492681e-04 3.698641473719189976e-04 3.677091952526013855e-04 1.054767371201261860e-04 4.636157516678039264e-05
1.500210596325464385e+00 1.470710040171707478e+00 2.339254561953067225e-03 9.998163667589982095e-01 9.998251521992174151e-01 9.998286108747975742e-01 9.998353193395576044e-01 9.999695590883440621e-01 9.999922660179715317e-01 -3.294745704067285341e-04 -2.581049822741533512e-03 3.399498757937257157e-04 3.370354079850319492e-04 3.359139239825067926e-04 3.337456344566336439e-04 8.580701038073204080e-05 3.417646115986129433e-05
1.500177648959478915e+00 1.470709963082714289e+00 2.081149579383727646e-03 9.998503617473580851e-01 9.998588557393945919e-01 9.998622022659794384e-01 9.998686939006116159e-01 9.999781397903344526e-01 9.999956836645735869e-01 -2.740528908820039078e-04 -2.232383803386028820e-03 3.064473801359433413e-04 3.035336019467727367e-04 3.024099770479683129e-04 3.002367565881378466e-04 6.895292859111308754e-05 2.431959739421835803e-05
1.500150243730788091e+00 1.470709906030506220e+00 1.857911198762472044e-03 9.998810064862280189e-01 9.998892090989629500e-01 9.998924432624318737e-01 9.998987175737830135e-01 9.999850350844498026e-01 9.999981156253043846e-01 -2.274965591932685317e-04 -1.928728698784170498e-03 2.745267135066031729e-04 2.716243647196304057e-04 2.705029644438641735e-04 2.683333362353182818e-04 5.479213643706850467e-05 1.653639181405138688e-05
1.500127494115290228e+00 1.470709863744997792e+00 1.665038328609626901e-03 9.999084591585388759e-01 9.999163715348416970e-01 9.999194935576307675e-01 9.999255509048750046e-01 9.999905142996163843e-01 9.999997692659706727e-01 -1.884492555027283067e-04 -1.664489576821991113e-03 2.450473954794927145e-04 2.421671648211129761e-04 2.410523682549944326e-04 2.388948919854736494e-04 4.313765169864786358e-05 1.055625904920045463e-05
1.500108649217091417e+00 1.470709832348076507e+00 1.498589370655575717e-03 9.999329638991659719e-01 9.999405882507990118e-01 9.999435987932613346e-01 9.999494403915587526e-01 9.999948280665121869e-01 1.000000824893810369e+00 -1.557981481366383335e-04 -1.434991104587242557e-03 2.186162000161198866e-04 2.157685220624183859e-04 2.146646355395260251e-04 2.125277374277446615e-04 3.376112441658756457e-05 6.107179729325420953e-06
1.500093069421030378e+00 1.470709808980433131e+00 1.355090259920801229e-03 9.999548255203660752e-01 9.999621651025777380e-01 9.999650652557119379e-01 9.999706931628683515e-01 9.999982041807997657e-01 1.000001435614083611e+00 -1.286398510211345569e-04 -1.236394843552178231e-03 1.956218760487913330e-04 1.928166076990524345e-04 1.917277305450795246e-04 1.896194402609144508e-04 2.641095603161894170e-05 2.926258900832832261e-06
1.500080205448982573e+00 1.470709791528390431e+00 1.231450775277424543e-03 9.999743877092742705e-01 9.999814467630383508e-01 9.999842380277902398e-01 9.999896551046073556e-01 1.000000845278276040e+00 1.000001728242522203e+00 -1.062358560197541196e-04 -1.065637464783898139e-03 1.762657965667429531e-04 1.735117757940535363e-04 1.724416194070338675e-04 1.703692164349661625e-04 2.082588406897938795e-05 7.669600772534216119e-07
1.500069581872621072e+00 1.470709778425696834e+00 1.124887028489903991e-03 9.999920142903105935e-01 9.999987979404384442e-01 1.000001482188910051e+00 1.000006692024169697e+00 1.000002927868490543e+00 1.000001804941190064e+00 -8.799648593829856790e-05 -9.203891557858218239e-04 1.605870773231536978e-04 1.578915741823915843e-04 1.568432385449824485e-04 1.548128160107747062e-04 1.674463450275068862e-05 -5.963420452472951452e-07
1.500060782230681289e+00 1.470709768506888171e+00 1.032848112571701149e-03 1.000008072999459818e+00 1.000014587097810104e+00 1.000017166512118472e+00 1.000022173303948714e+00 1.000004602333597337e+00 1.000001745309610834e+00 -7.345907171544632818e-05 -7.990322987319266497e-04 1.484825996109548200e-04 1.458506746074296728e-04 1.448263883206961269e-04 1.428423461528563097e-04 1.391217030660700757e-05 -1.365982951719945624e-06
1.500053436328380174e+00 1.470709760899683305e+00 9.529448823184620554e-04 1.000022921260827813e+00 1.000029172165352032e+00 1.000031649150490587e+00 1.000036457537044399e+00 1.000005993552059991e+00 1.000001608713761092e+00 -6.226412633469430519e-05 -7.006609601965691500e-04 1.397220299030572455e-04 1.371558176356290400e-04 1.361566486166124754e-04 1.342211299322227920e-04 1.208301829301974386e-05 -1.720386589386994984e-06
1.500047209919361357e+00 1.470709754946541992e+00 8.828787858682167738e-04 1.000036893465162002e+00 1.000042887747312426e+00 1.000045264815083268e+00 1.000049879648856166e+00 1.000007201855036110e+00 1.000001436677228517e+00 -5.413857415430189056e-05 -6.251021919714040437e-04 1.339580287750365465e-04 1.314559649837447879e-04 1.304815089875257378e-04 1.285937935993683836e-04 1.102211584911180506e-05 -1.814860637958248818e-06
1.500041796064652377e+00 1.470709750147375594e+00 8.203685661799259982e-04 1.000050289269263981e+00 1.000056033344105977e+00 1.000058312965901530e+00 1.000062739027401282e+00 1.000008304067434350e+00 1.000001255192841443e+00 -4.887995388863949464e-05 -5.729607752578033371e-04 1.307319367952535177e-04 1.282879446101421273e-04 1.273359977487939173e-04 1.254918647459983137e-04 1.050359960546336160e-05 -1.783514457720449149e-06
1.500036908071291419e+00 1.470709746118354477e+00 7.630724880928238096e-04 1.000063362463989414e+00 1.000068862138940196e+00 1.000071046565779387e+00 1.000075288213450708e+00 1.000009354427835007e+00 1.000001076842499170e+00 -4.634105403128867544e-05 -5.456897102429207093e-04 1.294753191777578893e-04 1.270779657454522665e-04 1.261441852973180342e-04 1.243352529845681575e-04 1.030796526910389318e-05 -1.742011233143339990e-06
1.500032273967569774e+00 1.470709742563414801e+00 7.085035164274347541e-04 1.000076309997392610e+00 1.000081569936295489e+00 1.000083660984815381e+00 1.000087721738724511e+00 1.000010385224427978e+00 1.000000902642314005e+00 -4.641456338715575466e-05 -5.456894642905183845e-04 1.295078461888763798e-04 1.271394743199691423e-04 1.262170295108637247e-04 1.244300759107642193e-04 1.021806244546924745e-05 -1.790830140227895413e-06
