3.565790623455914389e-36 5.260026399879182561e-35 3.453096287846197165e-33 8.983426260224817001e-37 -8.297892941446088172e-37 9.119174570409624880e-37 -1.720643535491732079e-36 8.515909908010633696e-36 -1.526962308741309823e-36 5.083283833162019610e-34 -1.544358963949366491e-33 1.832622738850603003e-37 7.871107846179872219e-38 -2.152106251583939732e-38 -1.572038047932619608e-37 3.615839141724059715e-34 1.478958687523254724e-37
5.091792743606972041e-35 2.630013199939591280e-35 3.276140365202409686e-33 2.186294198229864090e-38 1.235721218197373968e-37 -4.986134072150939154e-38 -9.646655233084691805e-37 4.477989619654062808e-35 -7.499545495643107864e-37 3.000000029567002624e-01 3.000000029588590356e-01 2.000000018836106674e-01 2.000000018836106674e-01 2.000000018836106674e-01 2.000000018836106674e-01 2.000000019162672671e-01 2.000000019220939951e-01
3.000000029567002555e-02 -1.652328736835345467e-33 3.000000029588590494e-02 2.000000018836106674e-02 2.000000018836106674e-02 2.000000018836106674e-02 2.000000018836106674e-02 2.000000019162673226e-02 2.000000019220939812e-02 6.000000058981065365e-01 6.000000058977625894e-01 4.000000034644737856e-01 4.000000034644737856e-01 4.000000034644737856e-01 4.000000034644737856e-01 4.000000037536850517e-01 4.000000037821594412e-01
8.997300290962202685e-02 1.799730047586548453e-03 9.000000088566216527e-02 6.000000053480845225e-02 6.000000053480845225e-02 6.000000053480845225e-02 6.000000053480845225e-02 6.000000056699523326e-02 6.000000057042534363e-02 9.000000088154247457e-01 9.000000087910819957e-01 5.646839668997799544e-01 5.646839668997799544e-01 5.646839668997799544e-01 5.646839668997799544e-01 6.000000049470270991e-01 6.000000053640472952e-01
1.796087497515119757e-01 9.888799634026147756e-03 1.800000017647703787e-01 1.164683972247864407e-01 1.164683972247864407e-01 1.164683972247864407e-01 1.164683972247864407e-01 1.200000010616979473e-01 1.200000011068300815e-01 1.200000011688710844e+00 1.200000011508935538e+00 6.746946034926984970e-01 6.746946034926984970e-01 6.746946034926986080e-01 6.746946034926984970e-01 7.454498815290793168e-01 7.643486106717873874e-01
2.976699939981596321e-01 3.137234886273794487e-02 3.000000029156639214e-01 1.839378575740563126e-01 1.839378575740563126e-01 1.839378575740563126e-01 1.839378575740563126e-01 1.945449892146058901e-01 1.964348621740088230e-01 1.500000014454273334e+00 1.438422224865167465e+00 7.399673354678684145e-01 7.399673354678684145e-01 7.399673354678684145e-01 7.399673354678684145e-01 8.257051022361232562e-01 8.533994350428616427e-01
4.409704686186254330e-01 7.570038070690553178e-02 4.438422254021806568e-01 2.579345911208431597e-01 2.579345911208431597e-01 2.579345911208431597e-01 2.579345911208431597e-01 2.771154994382182268e-01 2.817748056782949928e-01 1.800000016545536985e+00 1.473178462958527613e+00 7.693155115432557256e-01 7.693155115432557256e-01 7.693155115432558366e-01 7.693155115432557256e-01 8.555275041057956997e-01 8.850047973219368203e-01
6.035299881492603991e-01 1.529946444372049796e-01 5.911600716980334180e-01 3.348661422751687544e-01 3.348661422751687544e-01 3.348661422751686989e-01 3.348661422751687544e-01 3.626682498487978079e-01 3.702752854104886526e-01 2.001697248420043707e+00 1.372470374106643076e+00 7.704532675595178182e-01 7.704532675595179292e-01 7.704532675595179292e-01 7.704532675595178182e-01 8.474622021509689018e-01 8.741613085967869790e-01
7.697298500747792316e-01 2.645541560857589403e-01 7.284071091086976590e-01 4.119114690311205251e-01 4.119114690311205251e-01 4.119114690311205251e-01 4.119114690311205806e-01 4.474144700638946759e-01 4.576914162701674060e-01 2.066510308083093328e+00 1.190069960516066061e+00 7.500433196496252286e-01 7.500433196496252286e-01 7.500433196496253396e-01 7.500433196496252286e-01 8.119969704977901825e-01 8.332465933703565586e-01
9.239402281723853028e-01 4.021179878916985029e-01 8.474141051603043540e-01 4.869158009960830591e-01 4.869158009960830591e-01 4.869158009960830591e-01 4.869158009960831146e-01 5.286141671136738163e-01 5.410160756072031063e-01 2.026061261273138125e+00 9.651757217500135377e-01 7.137624536411166787e-01 7.137624536411166787e-01 7.137624536411166787e-01 7.137624536411166787e-01 7.577504807774203544e-01 7.722885290035353956e-01
1.058050018588904573e+00 5.539857147422623251e-01 9.439316773353056966e-01 5.582920463601948047e-01 5.582920463601948047e-01 5.582920463601948047e-01 5.582920463601946937e-01 6.043892151914157518e-01 6.182449285075566348e-01 1.910162746956300728e+00 7.248839545969154585e-01 6.663787028613120667e-01 6.663787028613120667e-01 6.663787028613120667e-01 6.663787028613120667e-01 6.916750553693546966e-01 6.992476326875417536e-01
1.170101773078701335e+00 7.086842005601833305e-01 1.016420072794997242e+00 6.249299166463260224e-01 6.249299166463260224e-01 6.249299166463260224e-01 6.249299166463259114e-01 6.735567207283512658e-01 6.881696917763107102e-01 1.744860642226676140e+00 4.872807234683466104e-01 6.118353093363286810e-01 6.118353093363287920e-01 6.118353093363287920e-01 6.118353093363286810e-01 6.192629502568598454e-01 6.202981879160703871e-01
1.261953518818452524e+00 8.570373043783324762e-01 1.065148145141831870e+00 6.861134475799588461e-01 6.861134475799588461e-01 6.861134475799588461e-01 6.861134475799588461e-01 7.354830157540371838e-01 7.501995105679177822e-01 1.551391193360302845e+00 2.641088745728419895e-01 5.533375399621478508e-01 5.533375399621478508e-01 5.533375399621478508e-01 5.533375399621478508e-01 5.447480183363450079e-01 5.400978119491416374e-01
1.337098969349398203e+00 9.927624222189913583e-01 1.091559032599116019e+00 7.414472015761736090e-01 7.414472015761736090e-01 7.414472015761736090e-01 7.414472015761736090e-01 7.899578175876716957e-01 8.042092917628319571e-01 1.346095044008393193e+00 6.270362144207432264e-02 4.934392825672138660e-01 4.934392825672138660e-01 4.934392825672138660e-01 4.934392825672138660e-01 4.712969604748767916e-01 4.620385070491328516e-01
1.399167751733511933e+00 1.112207744138240972e+00 1.097829394743323528e+00 7.907911298328950123e-01 7.907911298328950123e-01 7.907911298328950123e-01 7.907911298328950123e-01 8.370875136351594303e-01 8.504131424677452422e-01 1.140944482105467728e+00 -1.127218772210428488e-01 4.341270825601881156e-01 4.341270825601881156e-01 4.341270825601881156e-01 4.341270825601881156e-01 4.011862954114800983e-01 3.884749012783636490e-01
1.451141139902991428e+00 1.213776981777664910e+00 1.086557207021219273e+00 8.342038380889137406e-01 8.342038380889137406e-01 8.342038380889137406e-01 8.342038380889137406e-01 8.772061431763075179e-01 8.892606325955816349e-01 9.443213606328050291e-01 -2.602395178000055376e-01 3.768999066414611687e-01 3.768999066414611687e-01 3.768999066414611687e-01 3.768999066414611687e-01 3.359627201657846562e-01 3.209274596697955229e-01
1.495102613136557013e+00 1.297352200548593570e+00 1.060533255241218775e+00 8.718938287530598741e-01 8.718938287530598741e-01 8.718938287530598741e-01 8.718938287530598741e-01 9.108024151928859613e-01 9.213533785625611650e-01 7.618000149662988996e-01 -3.796334453421370547e-01 3.228434446701350380e-01 3.228434446701350935e-01 3.228434446701350380e-01 3.228434446701350380e-01 2.765857394297997485e-01 2.602600207385993847e-01
1.532309445738237796e+00 1.363828092688356364e+00 1.022569910707004981e+00 9.041781732200734334e-01 9.041781732200734334e-01 9.041781732200734334e-01 9.041781732200734334e-01 9.384609891358659528e-01 9.473793806364211312e-01 5.968158127689171533e-01 -4.719675516215169342e-01 2.726981937384693189e-01 2.726981937384693744e-01 2.726981937384693189e-01 2.726981937384693744e-01 2.235523632711702013e-01 2.068321681350895613e-01
1.563413957088277240e+00 1.414763350785138485e+00 9.753731555448532653e-01 9.314479925939203042e-01 9.314479925939204152e-01 9.314479925939203042e-01 9.314479925939203042e-01 9.608162254629830645e-01 9.680625974499300623e-01 4.511892481135348909e-01 -5.392270541803750872e-01 2.269209196047008992e-01 2.269209196047009547e-01 2.269209196047008992e-01 2.269209196047009269e-01 1.770043522685763315e-01 1.606277571951694738e-01
1.588719319039444411e+00 1.452117815480182150e+00 9.214504501268157011e-01 9.541400845543903664e-01 9.541400845543904774e-01 9.541400845543903664e-01 9.541400845543904774e-01 9.785166606898406672e-01 9.841253731694469264e-01 3.255227917333959331e-01 -5.840076116305908949e-01 1.857393696014893458e-01 1.857393696014894569e-01 1.857393696014893736e-01 1.857393696014894013e-01 1.368189691481085379e-01 1.213614477519910223e-01
1.608402560481698718e+00 1.478045038349304452e+00 8.630496889637565561e-01 9.727140215145393398e-01 9.727140215145394508e-01 9.727140215145393398e-01 9.727140215145394508e-01 9.921985576046515876e-01 9.962615179446460134e-01 2.195037107731434844e-01 -6.092468492318916518e-01 1.492003273833212296e-01 1.492003273833213683e-01 1.492003273833212296e-01 1.492003273833213128e-01 1.026845131802444355e-01 8.856540615434410624e-02
1.622673007144617152e+00 1.494723561739361717e+00 8.021250040405673021e-01 9.876340542528714295e-01 9.876340542528715405e-01 9.876340542528714295e-01 9.876340542528715405e-01 1.002467008922675928e+00 1.005118058560080296e+00 1.321440312794377736e-01 -6.180012046413467797e-01 1.172112623130153880e-01 1.172112623130155268e-01 1.172112623130153880e-01 1.172112623130154851e-01 7.416210080614615840e-02 6.165848121243512614e-02
1.631859405859766632e+00 1.504222536877456440e+00 7.403248835764326685e-01 9.993551804841730446e-01 9.993551804841731556e-01 9.993551804841730446e-01 9.993551804841731556e-01 1.009883219003290478e+00 1.011283906681323730e+00 6.197940245502130130e-02 -6.132711684899826432e-01 8.957594319753837964e-02 8.957594319753851841e-02 8.957594319753836576e-02 8.957594319753850454e-02 5.073524167158054848e-02 4.000017325724212341e-02
1.636435031866237511e+00 1.508403219828330810e+00 6.789977667274343931e-01 1.008312774803926892e+00 1.008312774803926892e+00 1.008312774803926892e+00 1.008312774803926892e+00 1.014956743170448483e+00 1.015283924007048144e+00 7.238608850485580073e-03 -5.978747249077238646e-01 6.602446504112265135e-02 6.602446504112280401e-02 6.602446504112262360e-02 6.602446504112279013e-02 3.184876780827857606e-02 2.293163799699506761e-02
1.636998342235035819e+00 1.508857814163214073e+00 6.192102942366620733e-01 1.014915221308039017e+00 1.014915221308039239e+00 1.014915221308039017e+00 1.014915221308039239e+00 1.018141619951276278e+00 1.017577087806747604e+00 -3.401186463889361439e-02 -5.743650142017938665e-01 4.623818531440911095e-02 4.623818531440929136e-02 4.623818531440909013e-02 4.623818531440927054e-02 1.693862559967270615e-02 9.805826247238400017e-03
1.634228630084733513e+00 1.506883791882029477e+00 5.617737928164826533e-01 1.019539039839479910e+00 1.019539039839480132e+00 1.019539039839479910e+00 1.019539039839480132e+00 1.019835482511243674e+00 1.018557670431471385e+00 -6.374769981025156518e-02 -5.449854626901247112e-01 2.987008900729934413e-02 2.987008900729953148e-02 2.987008900729931637e-02 2.987008900729951413e-02 5.453952343716635641e-03 8.680017655702837548e-06
1.628833588529601917e+00 1.503488027030130958e+00 5.072752465474702488e-01 1.022526048740210136e+00 1.022526048740210136e+00 1.022526048740209914e+00 1.022526048740210136e+00 1.020380877745615367e+00 1.018558538433236960e+00 -8.389157922895117137e-02 -5.116543245485479785e-01 1.656110475857379763e-02 1.656110475857398845e-02 1.656110475857376294e-02 1.656110475857397457e-02 -3.127254555140363684e-03 -7.026897024240525216e-03
1.621500865276751302e+00 1.499412595721374641e+00 4.561098140926153621e-01 1.024182159216067589e+00 1.024182159216067367e+00 1.024182159216067367e+00 1.024182159216067589e+00 1.020068152290101393e+00 1.017855848730812918e+00 -9.624284762238108359e-02 -4.759705973704156379e-01 5.952882238581386036e-03 5.952882238581575121e-03 5.952882238581346137e-03 5.952882238581567315e-03 -9.287696507122805353e-03 -1.181278718730052746e-02
1.612860444644120816e+00 1.495173493401793507e+00 4.085127543555738261e-01 1.024777447439925604e+00 1.024777447439925604e+00 1.024777447439925604e+00 1.024777447439925604e+00 1.019139382639388858e+00 1.016674570012082945e+00 -1.024305130881120185e-01 -4.392341767505206218e-01 -2.302482369812084394e-03 -2.302482369811903982e-03 -2.302482369812131665e-03 -2.302482369811906585e-03 -1.346451674913619855e-02 -1.480182524882961599e-02
1.603460267003314899e+00 1.491104493471068215e+00 3.645893366805217362e-01 1.024547199202944681e+00 1.024547199202944459e+00 1.024547199202944681e+00 1.024547199202944459e+00 1.017792930964475540e+00 1.015194387487200034e+00 -1.038868118741847896e-01 -4.024744516465951216e-01 -8.535317186877961620e-03 -8.535317186877793352e-03 -8.535317186878013662e-03 -8.535317186877791618e-03 -1.604631866212888683e-02 -1.638728336980555672e-02
1.593754431042278652e+00 1.487400246569025475e+00 3.243418915158622351e-01 1.023693667484256720e+00 1.023693667484256498e+00 1.023693667484256720e+00 1.023693667484256498e+00 1.016188299098262693e+00 1.013555659150219501e+00 -1.018377057594480328e-01 -3.664829596274775669e-01 -1.305342255262084000e-02 -1.305342255262068735e-02 -1.305342255262089551e-02 -1.305342255262068041e-02 -1.737268112703654541e-02 -1.690475846197099161e-02
1.584101635532652930e+00 1.484154831034331545e+00 2.876935955531144673e-01 1.022388325228994699e+00 1.022388325228994477e+00 1.022388325228994699e+00 1.022388325228994477e+00 1.014451030985558999e+00 1.011865183304022420e+00 -9.730635601479456498e-02 -3.318470035790810346e-01 -1.613891619536262506e-02 -1.613891619536248628e-02 -1.613891619536268057e-02 -1.613891619536247587e-02 -1.773551516960707175e-02 -1.663571320982104584e-02
1.574770920805511620e+00 1.481393847171739164e+00 2.545088951952063638e-01 1.020774433609458631e+00 1.020774433609458409e+00 1.020774433609458631e+00 1.020774433609458409e+00 1.012677479468598207e+00 1.010201611983040149e+00 -9.112575007215413525e-02 -2.989821811021111664e-01 -1.804653630366048062e-02 -1.804653630366035919e-02 -1.804653630366053613e-02 -1.804653630366034531e-02 -1.738171854005163275e-02 -1.581207037410281221e-02
1.565951888649171897e+00 1.479099572757554659e+00 2.246106770849952694e-01 1.018969779979092438e+00 1.018969779979092216e+00 1.018969779979092438e+00 1.018969779979092438e+00 1.010939307614592941e+00 1.008620404945629767e+00 -8.395710273264854473e-02 -2.681625772309503275e-01 -1.900310341454964844e-02 -1.900310341454954435e-02 -1.900310341454970395e-02 -1.900310341454952354e-02 -1.651668595214002971e-02 -1.462138933752795203e-02
1.557767071115479407e+00 1.477229622776199847e+00 1.977944193619002311e-01 1.017069469637637447e+00 1.017069469637637225e+00 1.017069469637637447e+00 1.017069469637637447e+00 1.009287639019378791e+00 1.007158266011877190e+00 -7.631126340139228470e-02 -2.395479467355360326e-01 -1.920788099880506652e-02 -1.920788099880497632e-02 -1.920788099880511510e-02 -1.920788099880495203e-02 -1.530832198947516820e-02 -1.321226457809158289e-02
1.550284733615755028e+00 1.475730051250934372e+00 1.738396246883466278e-01 1.015148681537757058e+00 1.015148681537756836e+00 1.015148681537757058e+00 1.015148681537756836e+00 1.007756806820431450e+00 1.005837039554067891e+00 -6.857101274578056294e-02 -2.132076077911959355e-01 -1.883361152853746737e-02 -1.883361152853738410e-02 -1.883361152853750900e-02 -1.883361152853735981e-02 -1.389128123619519720e-02 -1.169967892069862653e-02
1.543530983211414354e+00 1.474544010203714839e+00 1.525188639092270315e-01 1.013265320384903356e+00 1.013265320384903134e+00 1.013265320384903356e+00 1.013265320384903134e+00 1.006367678696811874e+00 1.004667071661998090e+00 -6.101274353656397503e-02 -1.891410289852956395e-01 -1.802803912432923358e-02 -1.802803912432916073e-02 -1.802803912432926481e-02 -1.802803912432913297e-02 -1.237122645997579956e-02 -1.017012144317436598e-02
1.537500535334518581e+00 1.473617054356529898e+00 1.336047610106974870e-01 1.011462516472470430e+00 1.011462516472470430e+00 1.011462516472470430e+00 1.011462516472470430e+00 1.005130556050814139e+00 1.003650059517680493e+00 -5.382654495401704292e-02 -1.672952547984955241e-01 -1.691576126590930290e-02 -1.691576126590923351e-02 -1.691576126590932372e-02 -1.691576126590920576e-02 -1.082895139274262647e-02 -8.686342429129785200e-03
1.532165850236182569e+00 1.472900043674280068e+00 1.168752355308479152e-01 1.009770940345879442e+00 1.009770940345879442e+00 1.009770940345879442e+00 1.009770940345879442e+00 1.004047660911540074e+00 1.002781425274767546e+00 -4.713412927028746979e-02 -1.475794105334533590e-01 -1.560028033935337635e-02 -1.560028033935330870e-02 -1.560028033935338503e-02 -1.560028033935328268e-02 -9.324260717493038086e-03 -7.291667488583436670e-03
1.527484592868563640e+00 1.472350415728487016e+00 1.021172944775025765e-01 1.008210912311944041e+00 1.008210912311944263e+00 1.008210912311944263e+00 1.008210912311944263e+00 1.003115234839790704e+00 1.002052258525909068e+00 -4.100435533382351672e-02 -1.298765777739870342e-01 -1.416615093880175223e-02 -1.416615093880168631e-02 -1.416615093880175050e-02 -1.416615093880165856e-02 -7.899537271454391829e-03 -6.013831628185098421e-03
1.523405518314524087e+00 1.471932417706947271e+00 8.912963670010386197e-02 1.006794297218063905e+00 1.006794297218063905e+00 1.006794297218063905e+00 1.006794297218063905e+00 1.002325281112645516e+00 1.001450875363090631e+00 -3.546632617513110347e-02 -1.140533510018597180e-01 -1.268114089332593279e-02 -1.268114089332586340e-02 -1.268114089332591891e-02 -1.268114089332583912e-02 -6.582956244493233001e-03 -4.868323301225668462e-03
1.519872963761668139e+00 1.471616725998623476e+00 7.772430159991790266e-02 1.005526183128731210e+00 1.005526183128731210e+00 1.005526183128731210e+00 1.005526183128731210e+00 1.001666985488196104e+00 1.000964043032968043e+00 -3.052018453003628451e-02 -9.996738542019339979e-02 -1.119834307461856082e-02 -1.119834307461848970e-02 -1.119834307461853480e-02 -1.119834307461846888e-02 -5.391329304686828111e-03 -3.861249848420188462e-03
1.516830159392758226e+00 1.471379748763392170e+00 6.772756305789856546e-02 1.004406348821269335e+00 1.004406348821269557e+00 1.004406348821269557e+00 1.004406348821269557e+00 1.001127852557727405e+00 1.000577918048126014e+00 -2.614581714919902988e-02 -8.747323250768934688e-02 -9.758191335754569373e-03 -9.758191335754494780e-03 -9.758191335754534679e-03 -9.758191335754477433e-03 -4.332579094500131275e-03 -2.991750661373046658e-03
1.514221571958954016e+00 1.471202804862137503e+00 5.898023980712963077e-02 1.003430529687693973e+00 1.003430529687694195e+00 1.003430529687694195e+00 1.003430529687694195e+00 1.000694594648277480e+00 1.000278742981988822e+00 -2.230972203200956225e-02 -7.642673832601667994e-02 -8.390347647539455472e-03 -8.390347647539377410e-03 -8.390347647539412104e-03 -8.390347647539363532e-03 -3.407857319724343602e-03 -2.253994117313173114e-03
1.511994479037569228e+00 1.471071297862424965e+00 5.133756597452796694e-02 1.002591494922940196e+00 1.002591494922939974e+00 1.002591494922939974e+00 1.002591494922939974e+00 1.000353808916305098e+00 1.000053343570257658e+00 -1.897030535605215978e-02 -6.668825360827219939e-02 -7.115438869955104453e-03 -7.115438869955026391e-03 -7.115438869955055881e-03 -7.115438869955015982e-03 -2.613328528255207204e-03 -1.638799945010681281e-03
1.510099947808288601e+00 1.470973951705339955e+00 4.466874061370074839e-02 1.001879951035944627e+00 1.001879951035944627e+00 1.001879951035944627e+00 1.001879951035944627e+00 1.000092476063479507e+00 9.998894635757564764e-01 -1.608186733666575399e-02 -5.812487663459789400e-02 -5.946630864446847062e-03 -5.946630864446768999e-03 -5.946630864446797622e-03 -5.946630864446762928e-03 -1.941647388847688328e-03 -1.134931132438773754e-03
1.508493365212458359e+00 1.470902139915803097e+00 3.885625295024095621e-02 1.001285287949499780e+00 1.001285287949499780e+00 1.001285287949499780e+00 1.001285287949499780e+00 9.998983113245947241e-01 9.997759704625125421e-01 -1.359751647093637716e-02 -5.061192159437722521e-02 -4.891035061314608946e-03 -4.891035061314532618e-03 -4.891035061314559507e-03 -4.891035061314530016e-03 -1.383160483579755698e-03 -7.300995748765503387e-04
1.507134639918446872e+00 1.470849318355935020e+00 3.379506079080323716e-02 1.000796184443368375e+00 1.000796184443368375e+00 1.000796184443368375e+00 1.000796184443368375e+00 9.997599952762367126e-01 9.997029605050249401e-01 -1.147122534209950480e-02 -4.403377775366450197e-02 -3.950948382020643551e-03 -3.950948382020568091e-03 -3.950948382020595846e-03 -3.950948382020569825e-03 -9.268648861183591443e-04 -4.117280504387828017e-04
1.505988172389734148e+00 1.470810558659088052e+00 2.939168301543678211e-02 1.000401089605166494e+00 1.000401089605166494e+00 1.000401089605166494e+00 1.000401089605166494e+00 9.996673087876249975e-01 9.996617876999810415e-01 -9.659212368507535604e-03 -3.828429909975306078e-02 -3.124931804206607620e-03 -3.124931804206533895e-03 -3.124931804206563385e-03 -3.124931804206539532e-03 -5.611555911218798825e-04 -1.675083387526363167e-04
1.505022668338536151e+00 1.470782172695657142e+00 2.556325310546147395e-02 1.000088596424745901e+00 1.000088596424745901e+00 1.000088596424745679e+00 1.000088596424745901e+00 9.996111932285127732e-01 9.996450368661058405e-01 -8.120805203518530191e-03 -3.326684072103009565e-02 -2.408736058148698393e-03 -2.408736058148625968e-03 -2.408736058148657194e-03 -2.408736058148635509e-03 -2.743925901462832256e-04 1.420820040139918021e-05
1.504210853142887494e+00 1.470761415536676830e+00 2.223656903335846299e-02 9.998477228189308619e-01 9.998477228189308619e-01 9.998477228189308619e-01 9.998477228189308619e-01 9.995837539694981677e-01 9.996464576861459062e-01 -6.818914549759702744e-03 -2.889403726168051842e-02 -1.796085150637734057e-03 -1.796085150637662499e-03 -1.796085150637696760e-03 -1.796085150637675510e-03 -5.531638699561149071e-05 1.441551604708465764e-04
1.503529130266695102e+00 1.470746253859823716e+00 1.934716530719041150e-02 9.996681143038670392e-01 9.996681143038670392e-01 9.996681143038670392e-01 9.996681143038670392e-01 9.995782223307986269e-01 9.996608732021929900e-01 -5.720222843507924600e-03 -2.508740045141120978e-02 -1.279329800792712146e-03 -1.279329800792641022e-03 -1.279329800792678535e-03 -1.279329800792657502e-03 1.066617222132916265e-04 2.320023269220696080e-04
1.502957215036637928e+00 1.470735187540536559e+00 1.683842526204929260e-02 9.995401813237877464e-01 9.995401813237877464e-01 9.995401813237877464e-01 9.995401813237877464e-01 9.995888885030199678e-01 9.996840734348851898e-01 -4.795170995257918255e-03 -2.177679690445295455e-02 -8.499835981591734617e-04 -8.499835981591030969e-04 -8.499835981591436461e-04 -8.499835981591220705e-04 2.212710004437776266e-04 2.862891790295438036e-04
1.502477765914862706e+00 1.470727113609244130e+00 1.466074557160399784e-02 9.994551829639718443e-01 9.994551829639718443e-01 9.994551829639718443e-01 9.994551829639718443e-01 9.996110156030643124e-01 9.997127023527880851e-01 -4.017808214378229027e-03 -1.889985397408096290e-02 -4.991548939542332555e-04 -4.991548939541636497e-04 -4.991548939542070178e-04 -4.991548939541850085e-04 2.972734606068806241e-04 3.144199851284479189e-04
1.502076028271526198e+00 1.470721223413854695e+00 1.277076017419590155e-02 9.994052674745764753e-01 9.994052674745764753e-01 9.994052674745763643e-01 9.994052674745764753e-01 9.996407429491250829e-01 9.997441443513009895e-01 -3.365554766004546453e-03 -1.640133024562427308e-02 -2.178872307811727596e-04 -2.178872307811045091e-04 -2.178872307811499914e-04 -2.178872307811275213e-04 3.424188836461622507e-04 3.227033142771032329e-04
1.501739500239358760e+00 1.470716925461407198e+00 1.113062714963347459e-02 9.993834787514982443e-01 9.993834787514983553e-01 9.993834787514982443e-01 9.993834787514983553e-01 9.996749848374896219e-01 9.997764146827285980e-01 -2.818915054680071631e-03 -1.423247802713338041e-02 2.579393240485957060e-06 2.579393240551993443e-06 2.579393240505554438e-06 2.579393240527936860e-06 3.634473107864968845e-04 3.164219460258545485e-04
1.501457626195601192e+00 1.470713787896950064e+00 9.707379346920135335e-03 9.993837366908223663e-01 9.993837366908223663e-01 9.993837366908223663e-01 9.993837366908223663e-01 9.997113295685682299e-01 9.998080568773310972e-01 -2.361168390459921634e-03 -1.235041771453081888e-02 1.706148568307335107e-04 1.706148568307959065e-04 1.706148568307501803e-04 1.706148568307713493e-04 3.661261351827160252e-04 2.999219593496683131e-04
1.501221520481491822e+00 1.470711495857221385e+00 8.472337575467054141e-03 9.994007981765054005e-01 9.994007981765054005e-01 9.994007981765054005e-01 9.994007981765054005e-01 9.997479421820865131e-01 9.998380490732661219e-01 -1.978056839260835045e-03 -1.071753793059997996e-02 2.940621477123357892e-04 2.940621477123937398e-04 2.940621477123499922e-04 2.940621477123692910e-04 3.553111777602229642e-04 2.767122169640094513e-04
1.501023721896819207e+00 1.470709820000742019e+00 7.400583782407055451e-03 9.994302043912767219e-01 9.994302043912767219e-01 9.994302043912767219e-01 9.994302043912767219e-01 9.997834732998625018e-01 9.998657202949624567e-01 -1.657483367133400680e-03 -9.300930639226542146e-03 3.801477570245286801e-04 3.801477570245815891e-04 3.801477570245405521e-04 3.801477570245577909e-04 3.350231528563426490e-04 2.495675425523735972e-04
1.500857978098990575e+00 1.470708593377486162e+00 6.470490718484401930e-03 9.994682191669791438e-01 9.994682191669791438e-01 9.994682191669791438e-01 9.994682191669791438e-01 9.998169756151481513e-01 9.998906770492177465e-01 -1.389228757178399137e-03 -8.071866810070211021e-03 4.354304969435596499e-04 4.354304969436074632e-04 4.354304969435695161e-04 4.354304969435849118e-04 3.085327050548929747e-04 2.206306367246000538e-04
1.500719058131422035e+00 1.470707694484580719e+00 5.663304037477380655e-03 9.995117622166735938e-01 9.995117622166734828e-01 9.995117622166735938e-01 9.995117622166734828e-01 9.998478288856536000e-01 9.999127401128902193e-01 -1.164692237901595066e-03 -7.005315467552026415e-03 4.657810031951512475e-04 4.657810031951939108e-04 4.657810031951593248e-04 4.657810031951732026e-04 2.784487333039960179e-04 1.915092203777695801e-04
1.500602590775386380e+00 1.470707034887481335e+00 4.962772490722178013e-03 9.995583403169930881e-01 9.995583403169929770e-01 9.995583403169930881e-01 9.995583403169930881e-01 9.998756737589840071e-01 9.999318910349279665e-01 -9.766581767362691058e-04 -6.079506937482989821e-03 4.763851586718369138e-04 4.763851586718747524e-04 4.763851586718434732e-04 4.763851586718564294e-04 2.468060233114570076e-04 1.633660629256895554e-04
1.500504926160421526e+00 1.470706550196237750e+00 4.354821796973878424e-03 9.996059788328601758e-01 9.996059788328601758e-01 9.996059788328601758e-01 9.996059788328601758e-01 9.999003543613151912e-01 9.999482276412204884e-01 -8.190893602857485592e-04 -5.275539663176446147e-03 4.717656017556217524e-04 4.717656017556552000e-04 4.717656017556270107e-04 4.717656017556397501e-04 2.151493005927247932e-04 1.370004805197619704e-04
1.500423018001071584e+00 1.470706193498545256e+00 3.827267830656233983e-03 9.996531553930357861e-01 9.996531553930357861e-01 9.996531553930357861e-01 9.996531553930357861e-01 9.999218692913744988e-01 9.999619276892723896e-01 -6.869461340539777900e-04 -4.577028980377523433e-03 4.558163485463040160e-04 4.558163485463336689e-04 4.558163485463081902e-04 4.558163485463214717e-04 1.846117137460550684e-04 1.129206086868251961e-04
1.500354323890784158e+00 1.470705930586503118e+00 3.369564932618481379e-03 9.996987370278904717e-01 9.996987370278904717e-01 9.996987370278904717e-01 9.996987370278904717e-01 9.999403304627489941e-01 9.999732197501411957e-01 -5.760298691984893716e-04 -3.969795616630059434e-03 4.318463525793615927e-04 4.318463525793879388e-04 4.318463525793647911e-04 4.318463525793793736e-04 1.559864814669374385e-04 9.140629620442388868e-05
1.500296721230875097e+00 1.470705736489865689e+00 2.972585370955475783e-03 9.997419216631483474e-01 9.997419216631483474e-01 9.997419216631483474e-01 9.997419216631483474e-01 9.999559291108957026e-01 9.999823603797615146e-01 -4.828487486074738849e-04 -3.441591333555751950e-03 4.026285436144851136e-04 4.026285436145085866e-04 4.026285436144874988e-04 4.026285436145039245e-04 1.297910088376983729e-04 7.256286181995693881e-05
1.500248436569343147e+00 1.470705592959164365e+00 2.628426237599900371e-03 9.997821845175097755e-01 9.997821845175097755e-01 9.997821845175097755e-01 9.997821845175097755e-01 9.999689082117794170e-01 9.999896166659435481e-01 -4.045036286070492391e-04 -2.981858993552168480e-03 3.704515269291099315e-04 3.704515269291311819e-04 3.704515269291116662e-04 3.704515269291304772e-04 1.063232194659462216e-04 5.636622925053564416e-05
1.500207986346210554e+00 1.470705486638491655e+00 2.330240338244683480e-03 9.998192296702027582e-01 9.998192296702027582e-01 9.998192296702027582e-01 9.998192296702027582e-01 9.999795405337260634e-01 9.999952532888685131e-01 -3.385916644656550897e-04 -2.581524352982777527e-03 3.371716871801229594e-04 3.371716871801424208e-04 3.371716871801241520e-04 3.371716871801455650e-04 8.571017999902987288e-05 4.270013252604791678e-05
1.500174127271691971e+00 1.470705407738567727e+00 2.072087902946405814e-03 9.998529468389206754e-01 9.998529468389206754e-01 9.998529468389206754e-01 9.998529468389207864e-01 9.999881115517259556e-01 9.999995233021211627e-01 -2.831254324407071147e-04 -2.232817021162309540e-03 3.042639292670843809e-04 3.042639292671025955e-04 3.042639292670851940e-04 3.042639292671092091e-04 6.794933088373772293e-05 3.138618393485688207e-05
1.500145814789228593e+00 1.470705349072531254e+00 1.848806200830174903e-03 9.998833732318475054e-01 9.998833732318475054e-01 9.998833732318475054e-01 9.998833732318475054e-01 9.999949064848142610e-01 1.000002661920514679e+00 -2.364653967178184744e-04 -1.929118247442152987e-03 2.728697072209427979e-04 2.728697072209600367e-04 2.728697072209432316e-04 2.728697072209695777e-04 5.294279877281928676e-05 2.220763846298785785e-05
1.500122168289969915e+00 1.470705305354687242e+00 1.655894376085959669e-03 9.999106602025695789e-01 9.999106602025695789e-01 9.999106602025695789e-01 9.999106602025695789e-01 1.000000200764691538e+00 1.000004882684361052e+00 -1.972637255840878606e-04 -1.664833484985441241e-03 2.438413465022293736e-04 2.438413465022459890e-04 2.438413465022295091e-04 2.438413465022573189e-04 4.052536671769503145e-05 1.492768679100756175e-05
1.500102441944456189e+00 1.470705272689912801e+00 1.489411027587415589e-03 9.999350443372198027e-01 9.999350443372198027e-01 9.999350443372198027e-01 9.999350443372198027e-01 1.000004253301363333e+00 1.000006375453039942e+00 -1.644176359709065879e-04 -1.435288013967887452e-03 2.177819614776844775e-04 2.177819614777006863e-04 2.177819614776843962e-04 2.177819614777123415e-04 3.048673143947239797e-05 9.303076198561026529e-06
1.500086000199095659e+00 1.470705248201377824e+00 1.345882226190626627e-03 9.999568225333675953e-01 9.999568225333675953e-01 9.999568225333675953e-01 9.999568225333675953e-01 1.000007301974507268e+00 1.000007305760659770e+00 -1.370306249848248599e-04 -1.236644279491819513e-03 1.950805149246214517e-04 1.950805149246373894e-04 1.950805149246212348e-04 1.950805149246483941e-04 2.258869399437301071e-05 5.093805413299713595e-06
1.500072297149008138e+00 1.470705229758675125e+00 1.222217798241444784e-03 9.999763305848600181e-01 9.999763305848600181e-01 9.999763305848600181e-01 9.999763305848600181e-01 1.000009560843906797e+00 1.000007815141201073e+00 -1.143801233761752422e-04 -1.065840006099366861e-03 1.759417670437061273e-04 1.759417670437219024e-04 1.759417670437058020e-04 1.759417670437317415e-04 1.657792085012158920e-05 2.069573806610544854e-06
1.500060859145213588e+00 1.470705215778936426e+00 1.115633797631507924e-03 9.999939247615643456e-01 9.999939247615643456e-01 9.999939247615643456e-01 9.999939247615643456e-01 1.000011218635991739e+00 1.000008022098581861e+00 -9.589027667890200307e-05 -9.205465915128115562e-04 1.604110245075013948e-04 1.604110245075169802e-04 1.604110245075009882e-04 1.604110245075255183e-04 1.219488505613952064e-05 1.359392261036669990e-08
1.500051270123513358e+00 1.470705205081095368e+00 1.023579138480226790e-03 1.000009965864015138e+00 1.000009965864015138e+00 1.000009965864015138e+00 1.000009965864015138e+00 1.000012438124497249e+00 1.000008023457974016e+00 -8.110872756590103701e-05 -7.991477612309983184e-04 1.483937322750611453e-04 1.483937322750765681e-04 1.483937322750607387e-04 1.483937322750838593e-04 9.179558749603469820e-06 -1.275695807764461269e-06
1.500043159255005643e+00 1.470705196778976598e+00 9.436643623571269257e-04 1.000024805237242465e+00 1.000024805237242465e+00 1.000024805237242465e+00 1.000024805237242465e+00 1.000013356080372118e+00 1.000007895888393117e+00 -6.968644519958582504e-05 -7.007389907626252737e-04 1.396700587840480734e-04 1.396700587840632793e-04 1.396700587840476126e-04 1.396700587840695948e-04 7.274384417386293487e-06 -1.984550338368016838e-06
1.500036190613588394e+00 1.470705190202916013e+00 8.735904632808643442e-04 1.000038772243120766e+00 1.000038772243120766e+00 1.000038772243120766e+00 1.000038772243120766e+00 1.000014083518813823e+00 1.000007697433359155e+00 -6.135983639900618623e-05 -6.251487851851626146e-04 1.339047149273369600e-04 1.339047149273519762e-04 1.339047149273365264e-04 1.339047149273576412e-04 6.225007814680115237e-06 -2.285064527460503556e-06
1.500030054632290000e+00 1.470705184842580060e+00 8.110755847623481044e-04 1.000052162714613502e+00 1.000052162714613502e+00 1.000052162714613502e+00 1.000052162714613502e+00 1.000014706019595412e+00 1.000007468926906506e+00 -5.593459710615313345e-05 -5.729835617950896146e-04 1.306523248354314300e-04 1.306523248354462294e-04 1.306523248354309963e-04 1.306523248354516233e-04 5.779214018137523743e-06 -2.337197325808885311e-06
1.500024461174419121e+00 1.470705180305861948e+00 7.537772285828391429e-04 1.000065227947096957e+00 1.000065227947096957e+00 1.000065227947096957e+00 1.000065227947096957e+00 1.000015283940997479e+00 1.000007235207173828e+00 -5.327104486653577150e-05 -5.456986303172203529e-04 1.293587374616245536e-04 1.293587374616391903e-04 1.293587374616241199e-04 1.293587374616445300e-04 5.684472804821752805e-06 -2.291369927320403404e-06
1.500019134071445936e+00 1.470705176290412197e+00 6.992073655511170209e-04 1.000078163820843136e+00 1.000078163820843136e+00 1.000078163820843136e+00 1.000078163820843136e+00 1.000015852388277837e+00 1.000007006070180893e+00 -5.327104486653577150e-05 -5.456986303172203529e-04 1.293587374616245536e-04 1.293587374616391903e-04 1.293587374616241199e-04 1.293587374616445300e-04 5.684472804821752805e-06 -2.291369927320403404e-06
