3.000000029567002624e+00 3.000000029588589801e+00 2.000000018836106452e+00 2.000000018836106452e+00 2.000000018836106452e+00 2.000000018836106452e+00 2.000000019162672782e+00 2.000000019220939951e+00
3.000000029414063629e+00 3.000000029389036094e+00 2.000000015808630849e+00 2.000000015808630849e+00 2.000000015808630849e+00 2.000000015808630849e+00 2.000000018374177291e+00 2.000000018600654794e+00
3.000000029173182536e+00 3.000000028933193175e+00 1.646839634353061133e+00 1.646839634353060910e+00 1.646839634353061355e+00 1.646839634353060910e+00 2.000000011933420474e+00 2.000000015818879096e+00
3.000000028732861868e+00 3.000000027178533646e+00 1.100106365929186092e+00 1.100106365929186092e+00 1.100106365929186536e+00 1.100106365929186092e+00 1.454498765820522177e+00 1.643486053077400921e+00
3.000000027655623569e+00 2.384222133562321044e+00 6.527273197516988423e-01 6.527273197516987313e-01 6.527273197516990644e-01 6.527273197516987313e-01 8.025522070704389499e-01 8.905082437107427751e-01
3.000000020912636511e+00 3.475623809336014780e-01 2.934817607538731110e-01 2.934817607538731110e-01 2.934817607538732775e-01 2.934817607538730000e-01 2.982240186967239914e-01 3.160536227907513873e-01
2.016972318745067216e+00 -1.007080888518846473e+00 1.137756016262102092e-02 1.137756016262106255e-02 1.137756016262119439e-02 1.137756016262095674e-02 -8.065301954826753494e-02 -1.084348872514979273e-01
6.481305966304923283e-01 -1.824004135905768820e+00 -2.040994790989262009e-01 -2.040994790989261454e-01 -2.040994790989260621e-01 -2.040994790989262841e-01 -3.546523165317865267e-01 -4.091471522643052028e-01
-4.044904680995530244e-01 -2.248942387660524123e+00 -3.628086600850858878e-01 -3.628086600850858878e-01 -3.628086600850858323e-01 -3.628086600850858878e-01 -5.424648972036991701e-01 -6.095806436682119633e-01
-1.158985143168374199e+00 -2.402917671530981458e+00 -4.738375077980465644e-01 -4.738375077980465644e-01 -4.738375077980465089e-01 -4.738375077980465644e-01 -6.607542540806558007e-01 -7.304089631599360866e-01
-1.653021047296244994e+00 -2.376032311285687815e+00 -5.454339352498327465e-01 -5.454339352498327465e-01 -5.454339352498326354e-01 -5.454339352498327465e-01 -7.241210511249481785e-01 -7.894944477147143314e-01
-1.934694488663732947e+00 -2.231718488955046098e+00 -5.849776937418089684e-01 -5.849776937418089684e-01 -5.849776937418088574e-01 -5.849776937418089684e-01 -7.451493192051479308e-01 -8.020037596692862758e-01
-2.052961493519095182e+00 -2.014052531307676475e+00 -5.989825739493398471e-01 -5.989825739493398471e-01 -5.989825739493399581e-01 -5.989825739493398471e-01 -7.345105786146824967e-01 -7.805930490000883015e-01
-2.051505619029254213e+00 -1.754254986631171631e+00 -5.931220000702576156e-01 -5.931220000702575046e-01 -5.931220000702576156e-01 -5.931220000702575046e-01 -7.011066506339673765e-01 -7.356360577076923590e-01
-1.966231214726627208e+00 -1.475176405789627054e+00 -5.722717591872693577e-01 -5.722717591872693577e-01 -5.722717591872693577e-01 -5.722717591872692466e-01 -6.522357524569540876e-01 -6.754744160856811508e-01
-1.825213456665061740e+00 -1.193939275421315171e+00 -5.405646197132610853e-01 -5.405646197132609743e-01 -5.405646197132610853e-01 -5.405646197132608632e-01 -5.937698073598489668e-01 -6.066743893119611597e-01
-1.649842021973816797e+00 -9.233410627937985726e-01 -5.014525093166570802e-01 -5.014525093166569691e-01 -5.014525093166570802e-01 -5.014525093166569691e-01 -5.303337615862955268e-01 -5.342785260350982890e-01
-1.456265646553821957e+00 -6.725950255885817519e-01 -4.577727413376843635e-01 -4.577727413376841969e-01 -4.577727413376843080e-01 -4.577727413376841414e-01 -4.654801100259386426e-01 -4.620441093992009862e-01
-1.256664563801390022e+00 -4.478055745021574108e-01 -4.118155000321153669e-01 -4.118155000321152004e-01 -4.118155000321153669e-01 -4.118155000321151449e-01 -4.018538312046777139e-01 -3.926630944317844873e-01
-1.060190809602524098e+00 -2.523923760130074578e-01 -3.653904221816810516e-01 -3.653904221816809406e-01 -3.653904221816810516e-01 -3.653904221816808850e-01 -3.413445596786411351e-01 -3.279604159764690774e-01
-8.735967949370572194e-01 -8.754355409455097381e-02 -3.198906507030584989e-01 -3.198906507030582769e-01 -3.198906507030584989e-01 -3.198906507030582214e-01 -2.852241237409827157e-01 -2.690692494190898842e-01
-7.016462882441646398e-01 4.730036151364146874e-02 -2.763531911547701392e-01 -2.763531911547700282e-01 -2.763531911547702502e-01 -2.763531911547699726e-01 -2.342685913456561686e-01 -2.165830795519299856e-01
-5.474079360453572018e-01 1.539644358225880083e-01 -2.355147815641573383e-01 -2.355147815641571440e-01 -2.355147815641573661e-01 -2.355147815641571163e-01 -1.888647386330197242e-01 -1.706853526024705026e-01
-4.125047348937919134e-01 2.350971070592988155e-01 -1.978627972671353208e-01 -1.978627972671351820e-01 -1.978627972671353485e-01 -1.978627972671351543e-01 -1.491014220860586714e-01 -1.312581174975666620e-01
-2.973583517135794385e-01 2.937955151166923295e-01 -1.636809630710976959e-01 -1.636809630710975849e-01 -1.636809630710977237e-01 -1.636809630710975572e-01 -1.148467325595606964e-01 -9.797146229582695542e-02
-2.014387941869960341e-01 3.333113814157674937e-01 -1.330898424872554719e-01 -1.330898424872554164e-01 -1.330898424872555275e-01 -1.330898424872553887e-01 -8.581206898856999499e-02 -7.035577041896227957e-02
-1.235126839342991500e-01 3.568372717813240724e-01 -1.060822251999240934e-01 -1.060822251999241211e-01 -1.060822251999241628e-01 -1.060822251999240656e-01 -6.160441951982440628e-02 -4.785890163060001201e-02
-6.187665465730936981e-02 3.673642061989494945e-01 -8.255364608393470083e-02 -8.255364608393479797e-02 -8.255364608393477022e-02 -8.255364608393474246e-02 -4.176820242013393886e-02 -2.989038061529087839e-02
-1.456298786072764487e-02 3.675972510392551129e-01 -6.232834817065875666e-02 -6.232834817065889543e-02 -6.232834817065881217e-02 -6.232834817065883298e-02 -2.581801912992688283e-02 -1.585458120975942464e-02
2.049106114736752235e-02 3.599149201911759355e-01 -4.518105365742878382e-02 -4.518105365742894342e-02 -4.518105365742881158e-02 -4.518105365742888790e-02 -1.326362464907655803e-02 -5.174750921654320233e-03
4.531349744653459521e-02 3.463595604839651565e-01 -3.085493642741783324e-02 -3.085493642741801018e-02 -3.085493642741785059e-02 -3.085493642741795467e-02 -3.628340425705251730e-03 2.690452521499449388e-03
6.180605942640434586e-02 3.286482247696985159e-01 -1.907620108297855901e-02 -1.907620108297873943e-02 -1.907620108297856248e-02 -1.907620108297869085e-02 3.537966295554367899e-03 8.236428357182351903e-03
7.168647339505586358e-02 3.081960387116086109e-01 -9.565671108891688618e-03 -9.565671108891851682e-03 -9.565671108891667801e-03 -9.565671108891808314e-03 8.650325879116040756e-03 1.190681036574860532e-02
7.645839331256261417e-02 2.861463049541428383e-01 -2.047775842554170472e-03 -2.047775842554314888e-03 -2.047775842554131875e-03 -2.047775842554279326e-03 1.208363962664860819e-02 1.409124759436367232e-02
7.740250655611725927e-02 2.634033894434010259e-01 3.742694702676000254e-03 3.742694702675881425e-03 3.742694702676059235e-03 3.742694702675909181e-03 1.417040753279971178e-02 1.512585657392955668e-02
7.558269209216587903e-02 2.406657880590028498e-01 8.055724042082353445e-03 8.055724042082264974e-03 8.055724042082433242e-03 8.055724042082284056e-03 1.520054776219396421e-02 1.529557477524261418e-02
7.186198582546930724e-02 2.184577418680012373e-01 1.112277858419932070e-02 1.112277858419926518e-02 1.112277858419941784e-02 1.112277858419927386e-02 1.542275067233172918e-02 1.483779014044580950e-02
6.692415683729574516e-02 1.971584426504218168e-01 1.315480926555926203e-02 1.315480926555923427e-02 1.315480926555937305e-02 1.315480926555923601e-02 1.504690675249589424e-02 1.394674940546347663e-02
6.129773936463950995e-02 1.770283275946631651e-01 1.434129400551622732e-02 1.434129400551622732e-02 1.434129400551634875e-02 1.434129400551621865e-02 1.424723446038645563e-02 1.277835860398338422e-02
5.538029158692413939e-02 1.582322677212730788e-01 1.485010045475819787e-02 1.485010045475821695e-02 1.485010045475831930e-02 1.485010045475819787e-02 1.316581026961157960e-02 1.145508326959430653e-02
4.946141645094822431e-02 1.408596558166631263e-01 1.482797818707371276e-02 1.482797818707374572e-02 1.482797818707383072e-02 1.482797818707372144e-02 1.191626939806405237e-02 1.007073452805479739e-02
4.374367380837249769e-02 1.249415291250406818e-01 1.440151738863990581e-02 1.440151738863994398e-02 1.440151738864000990e-02 1.440151738863991275e-02 1.058750210186695968e-02 8.694991870471416306e-03
3.836095117189468329e-02 1.104649418167266139e-01 1.367843688215114768e-02 1.367843688215117891e-02 1.367843688215122748e-02 1.367843688215114248e-02 9.247217747757876735e-03 7.377565440598734571e-03
3.339416675957403852e-02 9.738484717744472219e-02 1.274908777584350845e-02 1.274908777584351539e-02 1.274908777584355182e-02 1.274908777584347723e-02 7.945287914691366582e-03 6.151941723024918762e-03
2.888438019386403363e-02 8.563376973674312331e-02 1.168808005508257045e-02 1.168808005508256698e-02 1.168808005508258779e-02 1.168808005508252534e-02 6.716811394075187895e-03 5.038688125719076143e-03
2.484350865729376134e-02 7.512955040220664626e-02 1.055595803132237595e-02 1.055595803132236381e-02 1.055595803132237248e-02 1.055595803132232217e-02 5.584869052679325430e-03 4.048315575622233285e-03
2.126291128836874100e-02 6.578143840712717683e-02 9.400866792939659156e-03 9.400866792939643543e-03 9.400866792939640074e-03 9.400866792939601910e-03 4.562955974613967271e-03 3.183715244377674936e-03
1.812012973591969195e-02 5.749478653911448134e-02 8.260165778140355838e-03 8.260165778140341961e-03 8.260165778140328083e-03 8.260165778140302062e-03 3.657092949964791100e-03 2.442197116861464633e-03
1.538407164989005586e-02 5.017458378722963047e-02 7.161957460579093139e-03 7.161957460579080129e-03 7.161957460579058445e-03 7.161957460579042832e-03 2.867630009755966786e-03 1.817165391540354969e-03
1.301890653758826753e-02 4.372803459349573069e-02 6.126509075109643800e-03 6.126509075109634259e-03 6.126509075109606503e-03 6.126509075109597829e-03 2.190762031506717118e-03 1.299469600694474125e-03
1.098691706251778318e-02 3.806636810269312110e-02 5.167553498450220412e-03 5.167553498450212605e-03 5.167553498450182248e-03 5.167553498450181380e-03 1.619781092089030887e-03 8.784716645122302072e-04
9.250518482500056511e-03 3.310603546958253846e-02 4.293462026335387489e-03 4.293462026335379683e-03 4.293462026335348458e-03 4.293462026335353662e-03 1.146092782304860029e-03 5.428685210747423353e-04
7.773627808796895744e-03 2.876942930371993029e-02 3.508287042049401845e-03 3.508287042049393605e-03 3.508287042049365416e-03 3.508287042049371487e-03 7.600246016310297035e-04 2.813080609890409364e-04
6.522534483736827475e-03 2.498523728456689824e-02 2.812676631730604091e-03 2.812676631730591514e-03 2.812676631730569830e-03 2.812676631730574601e-03 4.514542303928162120e-04 8.283329148655299145e-05
5.466397113244751693e-03 2.168852218490893366e-02 2.204666240216587164e-03 2.204666240216565046e-03 2.204666240216555505e-03 2.204666240216554204e-03 2.102842714033465821e-04 -6.281368251248666847e-05
4.577466642201495628e-03 1.882060312602562568e-02 1.680354635902475214e-03 1.680354635902439001e-03 1.680354635902446374e-03 1.680354635902434231e-03 2.678824396219113514e-05 -1.649998667618627604e-04
3.831115511990870227e-03 1.632879783930838227e-02 1.234472908816023435e-03 1.234472908815978116e-03 1.234472908815997414e-03 1.234472908815979200e-03 -1.081495742249302845e-04 -2.320974238565880763e-04
3.205734721274343217e-03 1.416607291373437813e-02 8.608560931219286921e-04 8.608560931218786020e-04 8.608560931219055986e-04 8.608560931218854325e-04 -2.028802490388032604e-04 -2.714467441163587028e-04
2.682546099550017164e-03 1.229063829156331646e-02 5.528273991903098067e-04 5.528273991902581987e-04 5.528273991902897489e-04 5.528273991902708838e-04 -2.649044780144964718e-04 -2.893690582777356515e-04
2.245365192768038979e-03 1.066551342518184259e-02 3.035050625159157588e-04 3.035050625158649098e-04 3.035050625158980863e-04 3.035050625158832328e-04 -3.008397175089692422e-04 -2.912141634683048448e-04
1.880340611653260035e-03 9.258085300690367669e-03 1.060415547668567171e-04 1.060415547668086599e-04 1.060415547668414434e-04 1.060415547668323632e-04 -3.164270999253898870e-04 -2.814315745208001386e-04
1.575688164505205250e-03 8.039672743065438484e-03 -4.619556916215170197e-05 -4.619556916219557150e-05 -4.619556916216475305e-05 -4.619556916216693501e-05 -3.165672271873225230e-04 -2.636558240592759041e-04
1.321432262317707475e-03 6.985106827989220196e-03 -1.594925320931770384e-04 -1.594925320932158528e-04 -1.594925320931881243e-04 -1.594925320931829202e-04 -3.053758684666968686e-04 -2.407987183293677975e-04
1.109162648554883751e-03 6.072333637474641721e-03 -2.396999596694242870e-04 -2.396999596694576263e-04 -2.396999596694336112e-04 -2.396999596694211700e-04 -2.862523227911763527e-04 -2.151431248240129118e-04
9.318112059101555170e-04 5.282042830743075706e-03 -2.921780896487652249e-04 -2.921780896487929805e-04 -2.921780896487730312e-04 -2.921780896487541660e-04 -2.619547262923904935e-04 -1.884343438446696071e-04
7.834512000042462418e-04 4.597323400035833833e-03 -3.217701668537517666e-04 -3.217701668537740469e-04 -3.217701668537581634e-04 -3.217701668537344194e-04 -2.346778937175215951e-04 -1.619663256942129059e-04
6.591196414139416024e-04 4.003346405693906929e-03 -3.327983974898701008e-04 -3.327983974898873396e-04 -3.327983974898753592e-04 -3.327983974898487962e-04 -2.061303946691634597e-04 -1.366609672448773009e-04
5.546623202494798581e-04 3.487073318204682477e-03 -3.290775791303856765e-04 -3.290775791303985243e-04 -3.290775791303900133e-04 -3.290775791303635046e-04 -1.776084911529216080e-04 -1.131394859119103200e-04
4.666003572288865658e-04 3.036987737201564657e-03 -3.139422204614159386e-04 -3.139422204614251001e-04 -3.139422204614193538e-04 -3.139422204613965314e-04 -1.500653211091843616e-04 -9.178545471869024896e-05
3.920167113373059214e-04 2.642847624567116593e-03 -2.902836071871342971e-04 -2.902836071871405855e-04 -2.902836071871370076e-04 -2.902836071871223709e-04 -1.241743205512425667e-04 -7.279951671980296440e-05
3.284608961318128350e-04 2.295454710175538326e-03 -2.605938502454489608e-04 -2.605938502454530807e-04 -2.605938502454509666e-04 -2.605938502454499366e-04 -1.003863527822263348e-04 -5.624610592446533530e-05
2.738701098608171177e-04 1.986437344760677223e-03 -2.270144655306302584e-04 -2.270144655306329418e-04 -2.270144655306317221e-04 -2.270144655306394470e-04 -7.898037445099385901e-05 -4.209270785261313611e-05
2.265050160864961494e-04 1.708042733924526949e-03 -1.913874788091531086e-04 -1.913874788091550873e-04 -1.913874788091541386e-04 -1.913874788091667154e-04 -6.010773144251421507e-05 -3.024231606689168657e-05
1.848984669727324185e-04 1.452934145865554137e-03 -1.553074253620472976e-04 -1.553074253620490052e-04 -1.553074253620479481e-04 -1.553074253620622595e-04 -4.383035793982069243e-05 -2.055979884000178141e-05
1.478154911300096606e-04 1.213988302818131510e-03 -1.201729223244024544e-04 -1.201729223244043111e-04 -1.201729223244028339e-04 -1.201729223244165897e-04 -3.015326306536050818e-05 -1.289289730374827812e-05
1.142228236631521196e-04 9.840877046837302310e-04 -8.723673491013073285e-05 -8.723673491013284704e-05 -8.723673491013090903e-05 -8.723673491014245578e-05 -1.905174332217175994e-05 -7.088545306035557387e-06
8.326608800579632038e-05 7.559020557746268069e-04 -5.765343856711101125e-05 -5.765343856711330163e-05 -5.765343856711105191e-05 -5.765343856711950191e-05 -1.049376602706178758e-05 -3.005141890924862519e-06
5.425239292853050073e-05 5.216522339007295672e-04 -3.252390091905532740e-05 -3.252390091905748226e-05 -3.252390091905530030e-05 -3.252390091906036894e-05 -4.457937965425907321e-06 -5.213279834838203085e-07
2.663552239617360926e-05 2.728493147786926164e-04 -1.293587373806881838e-05 -1.293587373807028205e-05 -1.293587373806877433e-05 -1.293587373807081738e-05 -9.474121331577136103e-07 4.582739848848210321e-07
1.113572320433545754e-38 -2.988729552829793149e-39 5.841167711523779024e-43 5.839015242226454870e-43 5.839015242226454870e-43 5.839015242226454870e-43 1.383517117926560453e-40 -3.752702928897382856e-40
